#Charm Production Fractional XS (CT14nlo), column1: neutrino energy (Gev), column2: numu, column3: numubar
1.000000000000000000e+02 1.007845821416289284e-01 1.152125967071689211e-01
1.028073223830864720e+02 1.010869416562881346e-01 1.157907320236218063e-01
1.056934553557988323e+02 1.013893011709473546e-01 1.163688673400747192e-01
1.086606113854596884e+02 1.016916606856065886e-01 1.169470026565276044e-01
1.117110650504824179e+02 1.019940202002657809e-01 1.175251379729805173e-01
1.148471547840289020e+02 1.022963797149250009e-01 1.181032732894334303e-01
1.180712846666190359e+02 1.025987392295842210e-01 1.186814086058863293e-01
1.213859262690627645e+02 1.029010987442434411e-01 1.192595439223392284e-01
1.247936205471311411e+02 1.032034582589026472e-01 1.198376792387921552e-01
1.282969797894147632e+02 1.035058177735618673e-01 1.204158145552450404e-01
1.318986896198670422e+02 1.038081772882210874e-01 1.209939498716979533e-01
1.356015110565633393e+02 1.041105368028802935e-01 1.215720851881508385e-01
1.394082826282578651e+02 1.044128963175395275e-01 1.221502205046037515e-01
1.433219225503573853e+02 1.047152558321987337e-01 1.227283558210566505e-01
1.473454309619835954e+02 1.050176153468579676e-01 1.233064911375095635e-01
1.514818922258345708e+02 1.053199748615171738e-01 1.238846264539624487e-01
1.557344772926135192e+02 1.056223343761763800e-01 1.244627617704153616e-01
1.601064461318317740e+02 1.059246938908356001e-01 1.250408970868682745e-01
1.646011502308549836e+02 1.062270534054948201e-01 1.256190324033211458e-01
1.692220351641037155e+02 1.065294129201540263e-01 1.261971677197740727e-01
1.739726432343800866e+02 1.068317724348132325e-01 1.267753030362269440e-01
1.788566161883461803e+02 1.071341319494724664e-01 1.271713972859680464e-01
1.838776980082326986e+02 1.074364914641316726e-01 1.275323992818851171e-01
1.890397377819221560e+02 1.077388509787908927e-01 1.278934012778022433e-01
1.943466926536020196e+02 1.080412104934501127e-01 1.282544032737193418e-01
1.998026308572550818e+02 1.083435700081093328e-01 1.286154052696364403e-01
2.054117348353064187e+02 1.086459295227685390e-01 1.289764072655535387e-01
2.111783044448244482e+02 1.089482890374277591e-01 1.293374092614706372e-01
2.171067602537264918e+02 1.092506485520869652e-01 1.296984112573877357e-01
2.232016469295234629e+02 1.095530080667461992e-01 1.300594132533048342e-01
2.294676367231936069e+02 1.098553675814054054e-01 1.304204152492219604e-01
2.359095330508636152e+02 1.101577270960646254e-01 1.307814172451390589e-01
2.425322741760352869e+02 1.104600866107238316e-01 1.311424192410561573e-01
2.493409369951880308e+02 1.107624461253830517e-01 1.315034212369732558e-01
2.563407409296514743e+02 1.110648056400422717e-01 1.318644232328903543e-01
2.635370519267393092e+02 1.113671651547014640e-01 1.322254252288074527e-01
2.709353865732051645e+02 1.116461913163620256e-01 1.326631157759693980e-01
2.785414163241769074e+02 1.119160155923329542e-01 1.331310496954532241e-01
2.863609718508116089e+02 1.121858398683038827e-01 1.335989836149370502e-01
2.944000475100033896e+02 1.124556641442747973e-01 1.340669175344209041e-01
3.026648059395691917e+02 1.127254884202457397e-01 1.345348514539047302e-01
3.111615827824359712e+02 1.129953126962166543e-01 1.350027853733885563e-01
3.198968915434537621e+02 1.132651369721875828e-01 1.354707192928724102e-01
3.288774285825510333e+02 1.135349612481585113e-01 1.359386532123562363e-01
3.381100782480685325e+02 1.138047855241294537e-01 1.364065871318400625e-01
3.476019181541977332e+02 1.140746098001003683e-01 1.368745210513239163e-01
3.573602246065788108e+02 1.143444340760712968e-01 1.373424549708077425e-01
3.673924781802074335e+02 1.146142583520422253e-01 1.378103888902915686e-01
3.777063694539368726e+02 1.148840826280131400e-01 1.382783228097754225e-01
3.883098049059605046e+02 1.151539069039840685e-01 1.387462567292592208e-01
3.992109129748053533e+02 1.154237311799550109e-01 1.392141906487430747e-01
4.104180502904709442e+02 1.156935554559259116e-01 1.396821245682269008e-01
4.219398080805024165e+02 1.159633797318968401e-01 1.401500584877107269e-01
4.337850187558988750e+02 1.162332040078677825e-01 1.406179924071945808e-01
4.459627626819095667e+02 1.165030282838387110e-01 1.410859263266784347e-01
4.584823751389096174e+02 1.167728525598096256e-01 1.415538602461622331e-01
4.713534534786907102e+02 1.170426768357805541e-01 1.420217941656460869e-01
4.845858644816495939e+02 1.173125011117514827e-01 1.424897280851299131e-01
4.981897519205165281e+02 1.175823253877224250e-01 1.429576620046137669e-01
5.121755443364240818e+02 1.178521496636933397e-01 1.434255959240975931e-01
5.265539630332755223e+02 1.181219739396642682e-01 1.438935298435814192e-01
5.413360302965380697e+02 1.183917982156351967e-01 1.443614637630652731e-01
5.565330778427645555e+02 1.186616224916061113e-01 1.448293976825490714e-01
5.721567555063252257e+02 1.189314467675770398e-01 1.452973316020329253e-01
5.882190401699955373e+02 1.192012710435479544e-01 1.457652655215167514e-01
6.047322449462649274e+02 1.194710953195188829e-01 1.462331994410006053e-01
6.217090286163827386e+02 1.197525025524685538e-01 1.466730857501977459e-01
6.391624053344005461e+02 1.200467249718627366e-01 1.470819406607798141e-01
6.571057546036270196e+02 1.203409473912569055e-01 1.474907955713618546e-01
6.755528315331639533e+02 1.206351698106511022e-01 1.478996504819439228e-01
6.945177773823696725e+02 1.209293922300452989e-01 1.483085053925259633e-01
7.140151304013403433e+02 1.212236146494394817e-01 1.487173603031080316e-01
7.340598369757211685e+02 1.215178370688336784e-01 1.491262152136900720e-01
7.546672630843886509e+02 1.218120594882278612e-01 1.495350701242721403e-01
7.758532060787836144e+02 1.221062819076220718e-01 1.499439250348542085e-01
7.976339067929280873e+02 1.224005043270162546e-01 1.503527799454362768e-01
8.200260619934131228e+02 1.226947267464104235e-01 1.507616348560183173e-01
8.430468371788966806e+02 1.229889491658046063e-01 1.511704897666003578e-01
8.667138797389233105e+02 1.232831715851988030e-01 1.515793446771824260e-01
8.910453324821512524e+02 1.235773940045929858e-01 1.519881995877644942e-01
9.160598475443709958e+02 1.238716164239871964e-01 1.523970544983465625e-01
9.417766006869518378e+02 1.241658388433813653e-01 1.528059094089286030e-01
9.682153059967085937e+02 1.244600612627755620e-01 1.532147643195106435e-01
9.953962309984233343e+02 1.247542836821697587e-01 1.536236192300927117e-01
1.023340212191642308e+03 1.250485061015639277e-01 1.540324741406747799e-01
1.052068671023622755e+03 1.253427285209581243e-01 1.544413290512568204e-01
1.081603630310709377e+03 1.256369509403522933e-01 1.548501839618388887e-01
1.111967731120699000e+03 1.259311733597464900e-01 1.552590388724209292e-01
1.143184250129150314e+03 1.262253957791406866e-01 1.556678937830029974e-01
1.175277117462945171e+03 1.265196181985348556e-01 1.560767486935850656e-01
1.208270935044776024e+03 1.268138406179290523e-01 1.564856036041671061e-01
1.242190995452617472e+03 1.271080630373232490e-01 1.568944585147491744e-01
1.277063301308644668e+03 1.274022854567174456e-01 1.573033134253312426e-01
1.312914585212465227e+03 1.276965078761116146e-01 1.577121683359132831e-01
1.349772330233941830e+03 1.279907302955058113e-01 1.581210232464953236e-01
1.387664790981308442e+03 1.282849527148999802e-01 1.585298781570774196e-01
1.426621015260738432e+03 1.285791751342941769e-01 1.589305913055724939e-01
1.466670866343968555e+03 1.288733975536883736e-01 1.593044012402148879e-01
1.507845045861050949e+03 1.291676199730825703e-01 1.596782111748573374e-01
1.550175117335770437e+03 1.294618423924767669e-01 1.600520211094997869e-01
1.593693530381776100e+03 1.297560648118709636e-01 1.604258310441422364e-01
1.638433645577984635e+03 1.300502872312651326e-01 1.607996409787846859e-01
1.684429760042315138e+03 1.303445096506593293e-01 1.611734509134271354e-01
1.731717133723352845e+03 1.306387320700534982e-01 1.615472608480695571e-01
1.780332016430113754e+03 1.309329544894476949e-01 1.619210707827120066e-01
1.830311675620612959e+03 1.312271769088418916e-01 1.622948807173544561e-01
1.881694424970555474e+03 1.315213993282360883e-01 1.626686906519969056e-01
1.934519653744044263e+03 1.318156217476302572e-01 1.630425005866393273e-01
1.988827856988809799e+03 1.321098441670244539e-01 1.634163105212818046e-01
2.044660666579117787e+03 1.324040665864186228e-01 1.637901204559242263e-01
2.102060883130158345e+03 1.326982890058128195e-01 1.641639303905666480e-01
2.161072508808376369e+03 1.329925114252070162e-01 1.645377403252091253e-01
2.221740781062884707e+03 1.332867338446012129e-01 1.649115502598515470e-01
2.284112207303825471e+03 1.335809562639953818e-01 1.652853601944939965e-01
2.348234600554276312e+03 1.338751786833895785e-01 1.656591701291364460e-01
2.414157116103017870e+03 1.341694011027837474e-01 1.660329800637788678e-01
2.481930289186255322e+03 1.344636235221779719e-01 1.664067899984213450e-01
2.551606073727186413e+03 1.347578459415721408e-01 1.667805999330637667e-01
2.623237882163123686e+03 1.350520683609663375e-01 1.671544098677062162e-01
2.696880626390692669e+03 1.353462907803605342e-01 1.675282198023486657e-01
2.772590759860481285e+03 1.356405131997547031e-01 1.679020297369910875e-01
2.850426320853434845e+03 1.359347356191488998e-01 1.682758396716335370e-01
2.930446976972144512e+03 1.362289580385430687e-01 1.686496496062759864e-01
3.012714070881164389e+03 1.365231804579372932e-01 1.690234595409184359e-01
3.097290667331406894e+03 1.368174028773314621e-01 1.693972694755608577e-01
3.184241601504652863e+03 1.371116252967256588e-01 1.697710794102033349e-01
3.273633528715247849e+03 1.374058477161198555e-01 1.701448893448457567e-01
3.365534975507094259e+03 1.378497726204584994e-01 1.704892699679539936e-01
3.460016392185108998e+03 1.382952251011741185e-01 1.708333502919649471e-01
3.557150206821385837e+03 1.387406775818897375e-01 1.711774306159759007e-01
3.657010880777493185e+03 1.391861300626053843e-01 1.715215109399868265e-01
3.759674965785467521e+03 1.396315825433210034e-01 1.718655912639977801e-01
3.865221162631261905e+03 1.400770350240366502e-01 1.722096715880087059e-01
3.973730381485608177e+03 1.405224875047522692e-01 1.725537519120196595e-01
4.085285803928565656e+03 1.409679399854679160e-01 1.728978322360306130e-01
4.199972946715306534e+03 1.414133924661835351e-01 1.732419125600415388e-01
4.317879727332021503e+03 1.418588449468991541e-01 1.735859928840524924e-01
4.439096531392170618e+03 1.423042974276148009e-01 1.739300732080634460e-01
4.563716281924758732e+03 1.427497499083304200e-01 1.742741535320743718e-01
4.691834510607798620e+03 1.431952023890460668e-01 1.746182338560853253e-01
4.823549431001467383e+03 1.436406548697616858e-01 1.749623141800962789e-01
4.958962013837211998e+03 1.440861073504773326e-01 1.753063945041072325e-01
5.098176064420425064e+03 1.445315598311929517e-01 1.756504748281181583e-01
5.241298302206061635e+03 1.449770123119085707e-01 1.759945551521290841e-01
5.388438442608223340e+03 1.454224647926242175e-01 1.763386354761400376e-01
5.539709281106400340e+03 1.458679172733398366e-01 1.766827158001509912e-01
5.695226779712825191e+03 1.463133697540554556e-01 1.770267961241619448e-01
5.855110155867243520e+03 1.467892117493431736e-01 1.773708764481728983e-01
6.019481973827274487e+03 1.472713540098470608e-01 1.777149567721838519e-01
6.188468238624383048e+03 1.477534962703509480e-01 1.780590370961947499e-01
6.362198492657488714e+03 1.482356385308548075e-01 1.784031174202057313e-01
6.540805914998259141e+03 1.487177807913587224e-01 1.787471977442166571e-01
6.724427423484249630e+03 1.491999230518625819e-01 1.790912780682275829e-01
6.913203779678127830e+03 1.496820653123664413e-01 1.794353583922385642e-01
7.107279696773419346e+03 1.501642075728703285e-01 1.797794387162494900e-01
7.306803950529507347e+03 1.506463498333742157e-01 1.801235190402604436e-01
7.511929493320968504e+03 1.511284920938780751e-01 1.804675993642713971e-01
7.722813571388642231e+03 1.516106343543819346e-01 1.808116796882823507e-01
7.939617845382275846e+03 1.520927766148858218e-01 1.811557600122932488e-01
8.162508514287228536e+03 1.525749188753897090e-01 1.814998403363042301e-01
8.391656442830160813e+03 1.530570611358935962e-01 1.818439206603151559e-01
8.627237292461450124e+03 1.535392033963974556e-01 1.821880009843260817e-01
8.869431656014703549e+03 1.540158638274380654e-01 1.825805891461111663e-01
9.118425196146570670e+03 1.544902532148438867e-01 1.829932734121169080e-01
9.374408787663000112e+03 1.549646426022497081e-01 1.834059576781226220e-01
9.637578663841088201e+03 1.554390319896555295e-01 1.838186419441283914e-01
9.908136566858665901e+03 1.559134213770613231e-01 1.842313262101341054e-01
1.018628990244688612e+04 1.563878107644671722e-01 1.846440104761398748e-01
1.047225189888435489e+04 1.568622001518729658e-01 1.850566947421456165e-01
1.076624177045493343e+04 1.573365895392787595e-01 1.854693790081513305e-01
1.106848488549411923e+04 1.578109789266845808e-01 1.858820632741570444e-01
1.137921293915313981e+04 1.582853683140904022e-01 1.862947475401627861e-01
1.169866413101305807e+04 1.587597577014961958e-01 1.867074318061685001e-01
1.202708334768512032e+04 1.592341470889020449e-01 1.871201160721742696e-01
1.236472235053714940e+04 1.597085364763078386e-01 1.875328003381799835e-01
1.271183996869030125e+04 1.601829258637136877e-01 1.879454846041857530e-01
1.306870229743347591e+04 1.606573152511194813e-01 1.883581688701914669e-01
1.343558290220826348e+04 1.611941167717415579e-01 1.887708531361972364e-01
1.381276302832009424e+04 1.617750372141199267e-01 1.891835374022029503e-01
1.420053181653681713e+04 1.623559576564982676e-01 1.895962216682086643e-01
1.459918652473977090e+04 1.629368780988766363e-01 1.900089059342143782e-01
1.500903275579736510e+04 1.635177985412550328e-01 1.904215902002201477e-01
1.543038469183564484e+04 1.640987189836334292e-01 1.908342744662258894e-01
1.586356533508589564e+04 1.646796394260117702e-01 1.912469587322316034e-01
1.630890675549334264e+04 1.652605598683901666e-01 1.916596429982373728e-01
1.676675034527701064e+04 1.658414803107685631e-01 1.920723272642431145e-01
1.723744708063620055e+04 1.664224007531469041e-01 1.924850115302488285e-01
1.772135779080358407e+04 1.670033211955252728e-01 1.928976957962545424e-01
1.821885343465165352e+04 1.675842416379036415e-01 1.933103800622602841e-01
1.873031538506434663e+04 1.681651620802819824e-01 1.937230643282660258e-01
1.925613572129198656e+04 1.687460825226603789e-01 1.941357485942717676e-01
1.979671752951332746e+04 1.693270029650387476e-01 1.945484328602775093e-01
2.035247521183579738e+04 1.699259352698271608e-01 1.949739340180097480e-01
2.092383480396979212e+04 1.705456203726096742e-01 1.954142024640355968e-01
2.151123430182167067e+04 1.711653054753921599e-01 1.958544709100614456e-01
2.211512399725488649e+04 1.717849905781746733e-01 1.962947393560872944e-01
2.273596682327715098e+04 1.724046756809571590e-01 1.967350078021131432e-01
2.337423870891812476e+04 1.730243607837396724e-01 1.971752762481389920e-01
2.403042894406969572e+04 1.736440458865221859e-01 1.976155446941648686e-01
2.470504055456825517e+04 1.742637309893046993e-01 1.980558131401906896e-01
2.539859068780729285e+04 1.748834160920872405e-01 1.984960815862165939e-01
2.611161100917462318e+04 1.755031011948697262e-01 1.989363500322424150e-01
2.684464810961965122e+04 1.761227862976522118e-01 1.993766184782682638e-01
2.759826392466180550e+04 1.767424714004347253e-01 1.998168869242941126e-01
2.837303616516211332e+04 1.773621565032172109e-01 2.002571553703199614e-01
2.916955876018793060e+04 1.779818416059997244e-01 2.006974238163458102e-01
2.998844231231024605e+04 1.786015267087821823e-01 2.011376922623716590e-01
3.083031456568276917e+04 1.792422393467558717e-01 2.015779607083975355e-01
3.169582088726115035e+04 1.799231516843596279e-01 2.020182291544233566e-01
3.258562476153229727e+04 1.806040640219633842e-01 2.024584976004492609e-01
3.350040829913136258e+04 1.812849763595671404e-01 2.028987660464750820e-01
3.444087275973823125e+04 1.819658886971708411e-01 2.033390344925009585e-01
3.540773908965269948e+04 1.826468010347745974e-01 2.037793029385267796e-01
3.640174847446137574e+04 1.833277133723783536e-01 2.042195713845526284e-01
3.742366290721976839e+04 1.840086257099820544e-01 2.046598398305784494e-01
3.847426577258505858e+04 1.846895380475858661e-01 2.051001082766043537e-01
3.955436244734701904e+04 1.853704503851896224e-01 2.055403767226302025e-01
4.066478091781862167e+04 1.860513627227933786e-01 2.059806451686560791e-01
4.180637241455761978e+04 1.867322750603971349e-01 2.064209136146819001e-01
4.298001206490798359e+04 1.874131873980008633e-01 2.068611820607077767e-01
4.418659956385941041e+04 1.880940997356045918e-01 2.073014505067335977e-01
4.542705986374042550e+04 1.887750120732083481e-01 2.077417189527594743e-01
4.670234388327330817e+04 1.894648249394722539e-01 2.081994845450113041e-01
4.801342923653445177e+04 1.901857896560465444e-01 2.087184901490539979e-01
4.936132098237916944e+04 1.909067543726208904e-01 2.092374957530967472e-01
5.074705239490466192e+04 1.916277190891952364e-01 2.097565013571394688e-01
5.217168575554354175e+04 1.923486838057695825e-01 2.102755069611822181e-01
5.363631316739245813e+04 1.930696485223439285e-01 2.107945125652249396e-01
5.514205739240301773e+04 1.937906132389182190e-01 2.113135181692676334e-01
5.669007271207433951e+04 1.945115779554925650e-01 2.118325237733103550e-01
5.828154581230839540e+04 1.952325426720668555e-01 2.123515293773530765e-01
5.991769669310612517e+04 1.959535073886411738e-01 2.128705349813957426e-01
6.159977960380168952e+04 1.966744721052155476e-01 2.133895405854385197e-01
6.332908400455114315e+04 1.973954368217898658e-01 2.139085461894812412e-01
6.510693555481467774e+04 1.981164015383642396e-01 2.144275517935239628e-01
6.693469712958668242e+04 1.988373662549385579e-01 2.149465573975666843e-01
6.881376986415669671e+04 1.995583309715128761e-01 2.154655630016094059e-01
7.074559422819878091e+04 2.002788586422614148e-01 2.159689267837590632e-01
7.273165113001453574e+04 2.009954966051601677e-01 2.163330783510602484e-01
7.477346305177580507e+04 2.017121345680590039e-01 2.166972299183614892e-01
7.687259521663720079e+04 2.024287725309577568e-01 2.170613814856627022e-01
7.903065678861347260e+04 2.031454104938565930e-01 2.174255330529639152e-01
8.124930210614047246e+04 2.038620484567554292e-01 2.177896846202651560e-01
8.353023195026787289e+04 2.045786864196542654e-01 2.181538361875663967e-01
8.587519484845179250e+04 2.052953243825530460e-01 2.185179877548676097e-01
8.828598841495149827e+04 2.060119623454518545e-01 2.188821393221688227e-01
9.076446072885356261e+04 2.067286003083506352e-01 2.192462908894700635e-01
9.331251175078240340e+04 2.074452382712494436e-01 2.196104424567712488e-01
9.593209477938231430e+04 2.081618762341482243e-01 2.199745940240724340e-01
9.862521794868784491e+04 2.088785141970470882e-01 2.203387455913737303e-01
1.013939457675291778e+05 2.095951521599458967e-01 2.207028971586749433e-01
1.042404007021557918e+05 2.103117901228447051e-01 2.210670487259761841e-01
1.071667648032864381e+05 2.110284280857435135e-01 2.214312002932773971e-01
1.101752813788387430e+05 2.117493768274315014e-01 2.220176704599861051e-01
1.132682567136153812e+05 2.124704144511563586e-01 2.226087245153424155e-01
1.164480618372685421e+05 2.131914520748812436e-01 2.231997785706987258e-01
1.197171343418965698e+05 2.139124896986061286e-01 2.237908326260550362e-01
1.230779802506663254e+05 2.146335273223310136e-01 2.243818866814113189e-01
1.265331759388942883e+05 2.153545649460559541e-01 2.246818877671706294e-01
1.300853701090570539e+05 2.160756025697808391e-01 2.249631112419881451e-01
1.337372858212497667e+05 2.167966401935057519e-01 2.252443347168056609e-01
1.374917225806420320e+05 2.175176778172306369e-01 2.255255581916231766e-01
1.413515584835395566e+05 2.182387154409555219e-01 2.258067816664406924e-01
1.453197524236895260e+05 2.189597530646804069e-01 2.264188031021145686e-01
1.493993463605256111e+05 2.196807906884052919e-01 2.270679928479970577e-01
1.535934676510895370e+05 2.204018283121301769e-01 2.277171825938795469e-01
1.579053314474175859e+05 2.211228659358551174e-01 2.283663723397620915e-01
1.623382431612278160e+05 2.218439035595799746e-01 2.290155620856445529e-01
1.668956009978026559e+05 2.225649411833049152e-01 2.296647518315270697e-01
1.715808985610006494e+05 2.232859788070298002e-01 2.303139415774095589e-01
1.763977275314045255e+05 2.240070164307546852e-01 2.309631313232920480e-01
1.813497804196495272e+05 2.247280540544795702e-01 2.316123210691745649e-01
1.864408533970485150e+05 2.254490916782044552e-01 2.322615108150570262e-01
1.916748492056812975e+05 2.260942681440237800e-01 2.326381660416075581e-01
1.970557801501800423e+05 2.267225865747530544e-01 2.329542580416398834e-01
2.025877711735017074e+05 2.273509050054822178e-01 2.332703500416721809e-01
2.082750630190514203e+05 2.279792234362114645e-01 2.335864420417045062e-01
2.141220154815731512e+05 2.286075418669406556e-01 2.339025340417368315e-01
2.201331107493032468e+05 2.292358602976698745e-01 2.344903614234208900e-01
2.263129568399529671e+05 2.298641787283990934e-01 2.351558274855768405e-01
2.326662911331458017e+05 2.304924971591282845e-01 2.358212935477328465e-01
2.391979840020237316e+05 2.311208155898574756e-01 2.364867596098888247e-01
2.459130425468041503e+05 2.317491340205866668e-01 2.371522256720447752e-01
2.528166144331500400e+05 2.323774524513159134e-01 2.375205508565260137e-01
2.599139918382932956e+05 2.330057708820451046e-01 2.377830450434791354e-01
2.672106155079437885e+05 2.336340893127743235e-01 2.380455392304322848e-01
2.747120789270814275e+05 2.342624077435035423e-01 2.383080334173854342e-01
2.824241326078435523e+05 2.348907261742327612e-01 2.385705276043385559e-01
2.903526884977814043e+05 2.354620949429312715e-01 2.389712607780039577e-01
2.985038245118729537e+05 2.360087029890077237e-01 2.394320978589355164e-01
3.068837891917639063e+05 2.365553110350842037e-01 2.398929349398670752e-01
3.154990064958088333e+05 2.371019190811607391e-01 2.403537720207986617e-01
3.243560807235811371e+05 2.376485271272372191e-01 2.408146091017301926e-01
3.334618015786362812e+05 2.381951351733136990e-01 2.412754461826617514e-01
3.428231493733974057e+05 2.387417432193902345e-01 2.417362832635933656e-01
3.524473003801587620e+05 2.392883512654667144e-01 2.421971203445248966e-01
3.623416323323149700e+05 2.398349593115431666e-01 2.426579574254564553e-01
3.725137300800209632e+05 2.403815673576196743e-01 2.431187945063880140e-01
3.829713914046277059e+05 2.409281754036961543e-01 2.435796315873195450e-01
3.937226329963475000e+05 2.414747834497726342e-01 2.440404686682511315e-01
4.047756965997322113e+05 2.420213914958491419e-01 2.445013057491827180e-01
4.161390553316706792e+05 2.425679995419256496e-01 2.449621428301142489e-01
4.278214201767621562e+05 2.431146075880021296e-01 2.454229799110458354e-01
4.398317466650228016e+05 2.436612156340786373e-01 2.458644036859147786e-01
4.521792417370702024e+05 2.442078236801551450e-01 2.462915229194744537e-01
4.648733708020256599e+05 2.447544317262315972e-01 2.467186421530341012e-01
4.779238649935594876e+05 2.453010397723081049e-01 2.471457613865937764e-01
4.913407286296357051e+05 2.458476478183845848e-01 2.475728806201534238e-01
5.051342468816766632e+05 2.463942558644611203e-01 2.479999998537131267e-01
5.193149936590212164e+05 2.469408639105375447e-01 2.484271190872727741e-01
5.338938397147360956e+05 2.474874719566141079e-01 2.488542383208324493e-01
5.488819609789677197e+05 2.480340800026905601e-01 2.492813575543921245e-01
5.642908471262542298e+05 2.485806880487670401e-01 2.497084767879517997e-01
5.801323103833377827e+05 2.491272960948435200e-01 2.501355960215114194e-01
5.964184945842459565e+05 2.496739041409200277e-01 2.505627152550711223e-01
6.131618844795768382e+05 2.502205121869964799e-01 2.509898344886307697e-01
6.303753153071268462e+05 2.507671202330729598e-01 2.514169537221904172e-01
6.480719826311970828e+05 2.513137282791494953e-01 2.518440729557501201e-01
6.662654524581149453e+05 2.518327254460852593e-01 2.522321633727934165e-01
6.849696716357453261e+05 2.523185895580521976e-01 2.525734192100171360e-01
7.041989785449295305e+05 2.528044536700190803e-01 2.529146750472408556e-01
7.239681140910877148e+05 2.532903177819859630e-01 2.532559308844645751e-01
7.442922330043758266e+05 2.537761818939527902e-01 2.535971867216882947e-01
7.651869154570817482e+05 2.542620460059197285e-01 2.539384425589119587e-01
7.866681790071573341e+05 2.547479101178866112e-01 2.542796983961356783e-01
8.087524908770457841e+05 2.552337742298535495e-01 2.546209542333593978e-01
8.314567805772064021e+05 2.557196383418203767e-01 2.549622100705831174e-01
8.547984528840422863e+05 2.562055024537873149e-01 2.553034659078068369e-01
8.787954011821328895e+05 2.566913665657541976e-01 2.556447217450305565e-01
9.034660211810533656e+05 2.571772306777210804e-01 2.559859775822542760e-01
9.288292250172499334e+05 2.576630947896879631e-01 2.563272334194779400e-01
9.549044557518077781e+05 2.581489589016549013e-01 2.566684892567017151e-01
9.817117022752183257e+05 2.586348230136217285e-01 2.570097450939253791e-01
1.009271514630571823e+06 2.591206871255886668e-01 2.573510009311490987e-01
1.037605019766911748e+06 2.596065512375555495e-01 2.576922567683728182e-01
1.066733937734856969e+06 2.600924153495224322e-01 2.580335126055964823e-01
1.096680598336867522e+06 2.605782794614893150e-01 2.583747684428202018e-01
1.127467958244947251e+06 2.610641435734562532e-01 2.587160242800439214e-01
1.159119618598885601e+06 2.615500076854231359e-01 2.590572801172676409e-01
1.191659843098558718e+06 2.620358717973899632e-01 2.593985359544913605e-01
1.225113576604117872e+06 2.625217359093569014e-01 2.597397917917150245e-01
1.259506464258359047e+06 2.630076000213238396e-01 2.600810476289387996e-01
1.294864871145904996e+06 2.634934641332906669e-01 2.604223034661625191e-01
1.331215902504307684e+06 2.639793282452576051e-01 2.607635593033862387e-01
1.368587424502517795e+06 2.644651923572244323e-01 2.611048151406099582e-01
1.407008085602686508e+06 2.649510564691913705e-01 2.614460709778336778e-01
1.446507338521647034e+06 2.654369205811582533e-01 2.617873268150573418e-01
1.487115462808953831e+06 2.659227846931251360e-01 2.621285826522810614e-01
1.528863588058729423e+06 2.663935153426076896e-01 2.624737638540448059e-01
1.571783717773161130e+06 2.668080359885767749e-01 2.628335249812431829e-01
1.615908753895919072e+06 2.672225566345459158e-01 2.631932861084415043e-01
1.661272522034293041e+06 2.676370772805150011e-01 2.635530472356398257e-01
1.707909797389426734e+06 2.680515979264840865e-01 2.639128083628381471e-01
1.755856331414466957e+06 2.684661185724532273e-01 2.642725694900365241e-01
1.805148879221110139e+06 2.688806392184223681e-01 2.646323306172348455e-01
1.855825227755518863e+06 2.692951598643914535e-01 2.649920917444331669e-01
1.907924224765265128e+06 2.697096805103605943e-01 2.653518528716314884e-01
1.961485808579429286e+06 2.701242011563296797e-01 2.657116139988298098e-01
2.016551038724748418e+06 2.705387218022988205e-01 2.660713751260281312e-01
2.073162127401231090e+06 2.709532424482679058e-01 2.664311362532264527e-01
2.131362471841437742e+06 2.713677630942370467e-01 2.667908973804247741e-01
2.191196687578147277e+06 2.717822837402061320e-01 2.671506585076231510e-01
2.252710642645982560e+06 2.721968043861753284e-01 2.675104196348214169e-01
2.315951492743154522e+06 2.725988413395749599e-01 2.678585243673138327e-01
2.380967717380358372e+06 2.728760413672802754e-01 2.680900651527466372e-01
2.447809157044440042e+06 2.731532413949855909e-01 2.683216059381794971e-01
2.516527051405388862e+06 2.734304414226909064e-01 2.685531467236123571e-01
2.587174078595923726e+06 2.737076414503962773e-01 2.687846875090451615e-01
2.659804395593758207e+06 2.739848414781016483e-01 2.690162282944780214e-01
2.734473679737580009e+06 2.742620415058069638e-01 2.692477690799108814e-01
2.811239171408461407e+06 2.745392415335122793e-01 2.694793098653437413e-01
2.890159717909511644e+06 2.748164415612176503e-01 2.697108506507766013e-01
2.971295818577334285e+06 2.750936415889229658e-01 2.699423914362094612e-01
3.054709671159968246e+06 2.753708416166283368e-01 2.701739322216423211e-01
3.140465219496748876e+06 2.756480416443336523e-01 2.704054730070751256e-01
3.228628202536733821e+06 2.759252416720390233e-01 2.706370137925079855e-01
3.319266204733189661e+06 2.762024416997443388e-01 2.708685545779408455e-01
3.412448707852889318e+06 2.764796417274496543e-01 2.711000953633736499e-01
3.508247144239788875e+06 2.767568417551550253e-01 2.713316361488065098e-01
3.606734951574031729e+06 2.769743840260187051e-01 2.716641781887412788e-01
3.707987629168172367e+06 2.771900619919810960e-01 2.719998765178792133e-01
3.812082795843888074e+06 2.774057399579434868e-01 2.723355748470171478e-01
3.919100249433401972e+06 2.776214179239058222e-01 2.726712731761550268e-01
4.029122027951351833e+06 2.778370958898681575e-01 2.730069715052930168e-01
4.142232472483898047e+06 2.780527738558305484e-01 2.733426698344308958e-01
4.258518291843414307e+06 2.782684518217929392e-01 2.736783681635688303e-01
4.378068629038166255e+06 2.784841297877552746e-01 2.740140664927067649e-01
4.500975129608041607e+06 2.786998077537176099e-01 2.743497648218446994e-01
4.627332011878693476e+06 2.789154857196800008e-01 2.746854631509826339e-01
4.757236139187889174e+06 2.791311636856423917e-01 2.750211614801205684e-01
4.890787094139589928e+06 2.793468416516047270e-01 2.753568598092585029e-01
5.028087254942474887e+06 2.795625196175670624e-01 2.756925581383963819e-01
5.169241873891604133e+06 2.797781975835294532e-01 2.760282564675343164e-01
5.314359158053241670e+06 2.799938755494918441e-01 2.763639547966722509e-01
5.463550352214875631e+06 2.802095535154541794e-01 2.765542944499777556e-01
5.616929824163803831e+06 2.804252314814165148e-01 2.767186771968847547e-01
5.774615152359825559e+06 2.806409094473789057e-01 2.768830599437916984e-01
5.936727216069126502e+06 2.808565874133412965e-01 2.770474426906986976e-01
6.103390288028621115e+06 2.810722653793036319e-01 2.772118254376055857e-01
6.274732129711574875e+06 2.812879433452659672e-01 2.773762081845125849e-01
6.450884089267699048e+06 2.815036213112283581e-01 2.775405909314195285e-01
6.631981202212675475e+06 2.817192992771906934e-01 2.777049736783264722e-01
6.818162294944479130e+06 2.819349772431530843e-01 2.778693564252334158e-01
7.009570091165618040e+06 2.821506552091154196e-01 2.780337391721403595e-01
7.206351321293044835e+06 2.823663331750777550e-01 2.781891546600205878e-01
7.408656834939567372e+06 2.825820111410402014e-01 2.783418563721427041e-01
7.616641716552891769e+06 2.827976891070025367e-01 2.784945580842648205e-01
7.830465404301183298e+06 2.830133670729648721e-01 2.786472597963869369e-01
8.050291812295972370e+06 2.832290450389272629e-01 2.787999615085090532e-01
8.276289456246351823e+06 2.834001191366344319e-01 2.789572268399758137e-01
8.508631582640580833e+06 2.835544667837458510e-01 2.791162035286966492e-01
8.747496301554415375e+06 2.837088144308572701e-01 2.792751802174175402e-01
8.993066723187614232e+06 2.838631620779686893e-01 2.794341569061384312e-01
9.245531098233580589e+06 2.840175097250801084e-01 2.795931335948592666e-01
9.505082962189512327e+06 2.841718573721915275e-01 2.797521102835801576e-01
9.771921283717997372e+06 2.843262050193030022e-01 2.799110869723010486e-01
1.004625061717340350e+07 2.844805526664143658e-01 2.800700636610219396e-01
1.032828125941029564e+07 2.846349003135257849e-01 2.802290403497428306e-01
1.061822941099384613e+07 2.847892479606372595e-01 2.803880170384637216e-01
1.091631734193614684e+07 2.849435956077486787e-01 2.805469937271846126e-01
1.122277356208507158e+07 2.850979432548600978e-01 2.807059704159054481e-01
1.153783299629659578e+07 2.852522909019715169e-01 2.808649471046263391e-01
1.186173716452479176e+07 2.854066385490829916e-01 2.810239237933472856e-01
1.219473436696738377e+07 2.855609861961943552e-01 2.811829004820680655e-01
1.253707987440919690e+07 2.857153338433058298e-01 2.813418771707890120e-01
1.288903612390891463e+07 2.858696814904172490e-01 2.815008538595098475e-01
1.325087291997953877e+07 2.860240291375286681e-01 2.816598305482307385e-01
1.362286764141646773e+07 2.861783767846400872e-01 2.818188072369516295e-01
1.400530545393219776e+07 2.863327244317515619e-01 2.819777839256725205e-01
1.439847952876006626e+07 2.864870720788629255e-01 2.821367606143934115e-01
1.480269126739510149e+07 2.866414197259744001e-01 2.822957373031143025e-01
1.521825053264387138e+07 2.867957673730858748e-01 2.824547139918351935e-01
1.564547588616095856e+07 2.869501150201972384e-01 2.826136906805560844e-01
1.608469483265355043e+07 2.871044626673086575e-01 2.827726673692769199e-01
1.653624407094182074e+07 2.872588103144200766e-01 2.829316440579978109e-01
1.700046975206718221e+07 2.874131579615315513e-01 2.830906207467187574e-01
1.747772774464681000e+07 2.875675056086429704e-01 2.832495974354395929e-01
1.796838390767719224e+07 2.877218532557543895e-01 2.834085741241604284e-01
1.847281437099635974e+07 2.878762009028658642e-01 2.835675508128813749e-01
1.899140582361935452e+07 2.880047244939265005e-01 2.837083174472667113e-01
1.952455581016860902e+07 2.881058100254334509e-01 2.838297358989206876e-01
2.007267303562568128e+07 2.882068955569402902e-01 2.839511543505746638e-01
2.063617767863856629e+07 2.883079810884471850e-01 2.840725728022286956e-01
2.121550171362452582e+07 2.884090666199540798e-01 2.841939912538826718e-01
2.181108924191519991e+07 2.885101521514609746e-01 2.843154097055366480e-01
2.242339683219845220e+07 2.886112376829678694e-01 2.844368281571906243e-01
2.305289387051706016e+07 2.887123232144747642e-01 2.845582466088446005e-01
2.370006292009330541e+07 2.888134087459816590e-01 2.846796650604986323e-01
2.436540009125465900e+07 2.889144942774885538e-01 2.848010835121526085e-01
2.504941542174502462e+07 2.890155798089954486e-01 2.849225019638065293e-01
2.575263326771198586e+07 2.891166653405022879e-01 2.850439204154605610e-01
2.647559270567069203e+07 2.892177508720091827e-01 2.851653388671145373e-01
2.721884794575179741e+07 2.893188364035161331e-01 2.852867573187685135e-01
2.798296875655115768e+07 2.894199219350229724e-01 2.854081757704224898e-01
2.876854090190591291e+07 2.895210074665299227e-01 2.855295942220764660e-01
2.957616658993256465e+07 2.896220929980367620e-01 2.856510126737304978e-01
3.040646493467068672e+07 2.897231785295436568e-01 2.857724311253844740e-01
3.126007243068703637e+07 2.898242640610505516e-01 2.858938495770383947e-01
3.213764344100275636e+07 2.899253495925575019e-01 2.860152680286924265e-01
3.303985069871854782e+07 2.900264351240643412e-01 2.861366864803464027e-01
3.396738582272209227e+07 2.901275206555712360e-01 2.862581049320003790e-01
3.492095984787271172e+07 2.902286061870781309e-01 2.863795233836543552e-01
3.590130377007068694e+07 2.903296917185850257e-01 2.865009418353083870e-01
3.690916910662774742e+07 2.904307772500919205e-01 2.866223602869623077e-01
3.794532847236942500e+07 2.905318627815988153e-01 2.867437787386162840e-01
3.901057617190993577e+07 2.906329483131056546e-01 2.868651971902703157e-01
4.010572880855496228e+07 2.907340338446126049e-01 2.869866156419242920e-01
4.123162591029748321e+07 2.908351193761194997e-01 2.871080340935782682e-01
4.238913057338783145e+07 2.909362049076263390e-01 2.872294525452322445e-01
4.357913012397029996e+07 2.910135969571223113e-01 2.873334471929193112e-01
4.480253679829489440e+07 2.910169468753337485e-01 2.873829924532096958e-01
4.606028844202398509e+07 2.910202967935451857e-01 2.874325377135000803e-01
4.735334922917120904e+07 2.910236467117566228e-01 2.874820829737904648e-01
4.868271040122283995e+07 2.910269966299680600e-01 2.875316282340808494e-01
5.004939102700953186e+07 2.910303465481794971e-01 2.875811734943712339e-01
5.145443878390924633e+07 2.910336964663909343e-01 2.876307187546616184e-01
5.289893076098145545e+07 2.910370463846023714e-01 2.876802640149519474e-01
5.438397428464801610e+07 2.910403963028138086e-01 2.877298092752423320e-01
5.591070776755292714e+07 2.910437462210252457e-01 2.877793545355327165e-01
5.748030158125351369e+07 2.910470961392367384e-01 2.878288997958231010e-01
5.909395895340964943e+07 2.910504460574481200e-01 2.878784450561134856e-01
6.075291689016077667e+07 2.910537959756595572e-01 2.879279903164038701e-01
6.245844712439618260e+07 2.910571458938709943e-01 2.879775355766942546e-01
6.421185709064758569e+07 2.910604958120824870e-01 2.880270808369845836e-01
6.601449092734882981e+07 2.910638457302938686e-01 2.880766260972750237e-01
6.786773050723302364e+07 2.910671956485053613e-01 2.881261713575653527e-01
6.977299649665537477e+07 2.910705455667167985e-01 2.881757166178557372e-01
7.173174944465613365e+07 2.910738954849282356e-01 2.882252618781461218e-01
7.374549090259546041e+07 2.910772454031396728e-01 2.882748071384365063e-01
7.581576457522118092e+07 2.910805953213511099e-01 2.883243523987268908e-01
7.794415750404950976e+07 2.910839452395625471e-01 2.883738976590172198e-01
8.013230128396886587e+07 2.910872951577739842e-01 2.884234429193076044e-01
8.238187331399601698e+07 2.910906450759854214e-01 2.884729881795979889e-01
8.469459808314593136e+07 2.910939949941968585e-01 2.885225334398883734e-01
8.707224849239921570e+07 2.910973449124082957e-01 2.885720787001787579e-01
8.951664721378301084e+07 2.911006948306197883e-01 2.886216239604691425e-01
9.202966808760410547e+07 2.911040447488311700e-01 2.886711692207594715e-01
9.461323755890759826e+07 2.911073946670426071e-01 2.887207144810499115e-01
9.726933615426178277e+07 2.911107445852540443e-01 2.887702597413402961e-01
1.000000000000000000e+08 2.911140945034654814e-01 2.888198050016306251e-01
