# 1000 rows, 3 columns : energy (GeV), meson, baryon sigma (mb)
1.000000000000000000e+01 5.246348428447289081e+01 7.451512492538017796e+01
1.016265089392994625e+01 5.272446915921955224e+01 7.377141618076504415e+01
1.032794731918951392e+01 5.254190125410304546e+01 7.365226704985626327e+01
1.049593230558227752e+01 5.312159979462479953e+01 7.488722549330807965e+01
1.066664958279539377e+01 5.269159009729099807e+01 7.477826823361708364e+01
1.084014359178330977e+01 5.222272068566810788e+01 7.329188533711347020e+01
1.101645949633656407e+01 5.343595234449519893e+01 7.373695278407694786e+01
1.119564319483878201e+01 5.257582556627957615e+01 7.337092235037569310e+01
1.137774133221491368e+01 5.340345387025650581e+01 7.465302932314526174e+01
1.156280131207375916e+01 5.305882914557663099e+01 7.290438767315089308e+01
1.175087130904807609e+01 5.333319793364958628e+01 7.483341271073798850e+01
1.194200028133531966e+01 5.321559827309555146e+01 7.323705711457500911e+01
1.213623798344240612e+01 5.218619126835999111e+01 7.516943065509518362e+01
1.233363497913775930e+01 5.284193187636213196e+01 7.507353218104678660e+01
1.253424265461400111e+01 5.280306764456380364e+01 7.251989743665957633e+01
1.273811323186478539e+01 5.406727527938921440e+01 7.356235766644127239e+01
1.294529978227915379e+01 5.327871616326705606e+01 7.485091654911201431e+01
1.315585624045704449e+01 5.317334175954008657e+01 7.497041387641628774e+01
1.336983741824946570e+01 5.298186123811334625e+01 7.460741792140734674e+01
1.358729901902709791e+01 5.326438365230859517e+01 7.421399834190950173e+01
1.380829765218092398e+01 5.266879668850108942e+01 7.406463751462442247e+01
1.403289084785872376e+01 5.351157249905375579e+01 7.286660540092086080e+01
1.426113707194128999e+01 5.321718036194835832e+01 7.385929147514269744e+01
1.449309574126216660e+01 5.278513016449527129e+01 7.512187735652314302e+01
1.472882723907502545e+01 5.318561916544779677e+01 7.420469608067681122e+01
1.496839293077255562e+01 5.315900854519311736e+01 7.370866639226716188e+01
1.521185517986104863e+01 5.264188947250696060e+01 7.503858708902350827e+01
1.545927736419477760e+01 5.325412601001226420e+01 7.438325086230749150e+01
1.571072389247450474e+01 5.382759151478693127e+01 7.326565280496619437e+01
1.596626022101425946e+01 5.248193948270146336e+01 7.489183977305667383e+01
1.622595287078087267e+01 5.313732483999289258e+01 7.311642002125120143e+01
1.648986944471064930e+01 5.340752230417895419e+01 7.459762927234235974e+01
1.675807864530768043e+01 5.277619896851726367e+01 7.424273127630522140e+01
1.703065029252844198e+01 5.370152546211216560e+01 7.516007918513429331e+01
1.730765534195725053e+01 5.491060370385455514e+01 7.527883864882915077e+01
1.758916590327732621e+01 5.329250013096653049e+01 7.615250051805934106e+01
1.787525525904235479e+01 5.362728348152469948e+01 7.351381413653510322e+01
1.816599788375327762e+01 5.332532613364391239e+01 7.366831816276250322e+01
1.846146946324547500e+01 5.337318636684519646e+01 7.538512948771779065e+01
1.876174691439120323e+01 5.456605706511745524e+01 7.480078955059175883e+01
1.906690840512251839e+01 5.243663702694815498e+01 7.502886891088550669e+01
1.937703337477988796e+01 5.256017009287806019e+01 7.562492490445835358e+01
1.969220255479172366e+01 5.283105296258335670e+01 7.336410050060557353e+01
2.001249798969037030e+01 5.298063961452474047e+01 7.479641671946603765e+01
2.033800305846980905e+01 5.439982298007658557e+01 7.467208353441991164e+01
2.066880249629081945e+01 5.271671024657570115e+01 7.413620517622275941e+01
2.100498241653915343e+01 5.384112322343671764e+01 7.390495383461852441e+01
2.134663033324244452e+01 5.484234545246598458e+01 7.483599404932570565e+01
2.169383518385184217e+01 5.330004623839595013e+01 7.550515075790579544e+01
2.204668735239408761e+01 5.356583004249135627e+01 7.634422808515584791e+01
2.240527869300018082e+01 5.415102617306348520e+01 7.478180864164090735e+01
2.276970255381679920e+01 5.279487757648853830e+01 7.472749171522211498e+01
2.314005380130652867e+01 5.298569927238340682e+01 7.521991054307302704e+01
2.351642884494348706e+01 5.380093731934416468e+01 7.421137278753059263e+01
2.389892566231050353e+01 5.400623542766925311e+01 7.398704736587579589e+01
2.428764382460450477e+01 5.391320574492093698e+01 7.683464986237639494e+01
2.468268452255692580e+01 5.387190574577157065e+01 7.573666492533476458e+01
2.508415059277539783e+01 5.466558884091964643e+01 7.552519692330288592e+01
2.549214654451423101e+01 5.428316350344063324e+01 7.563450011018731800e+01
2.590677858688008683e+01 5.251834467549835495e+01 7.426363645478615183e+01
2.632815465648021203e+01 5.373090099048783230e+01 7.555213545188684066e+01
2.675638444552045314e+01 5.429284726924687021e+01 7.407590199805021314e+01
2.719157943036017500e+01 5.463566570683167356e+01 7.679792453948336117e+01
2.763385290053169996e+01 5.387668000623287412e+01 7.541216099050839716e+01
2.808331998823172526e+01 5.362939652744464070e+01 7.658422671926598468e+01
2.854009769829238863e+01 5.394329000362797188e+01 7.540066047550347150e+01
2.900430493863991543e+01 5.333728114433596090e+01 7.445737635692233880e+01
2.947606255124857100e+01 5.539568039554541912e+01 7.583037916075208784e+01
2.995549334359813187e+01 5.410159524045162982e+01 7.636706740046126640e+01
3.044272212064302607e+01 5.446870125876417745e+01 7.647438335407137799e+01
3.093787571730138453e+01 5.439470531359878436e+01 7.761726900722561595e+01
3.144108303147264749e+01 5.488299525003055379e+01 7.564633123031636330e+01
3.195247505759212103e+01 5.412413974199730404e+01 7.798516614967388705e+01
3.247218492073128715e+01 5.392416275286733907e+01 7.537928051212425373e+01
3.300034791125285238e+01 5.459597535540638802e+01 7.720185972981136047e+01
3.353710152002930300e+01 5.468629701074379312e+01 7.589908934229185888e+01
3.408258547423452001e+01 5.434870060605565811e+01 7.555316122235458920e+01
3.463694177371732508e+01 5.524426537793166148e+01 7.616380463181890548e+01
3.520031472796679139e+01 5.468073992335187938e+01 7.507896989748925876e+01
3.577285099367873755e+01 5.528756442718999864e+01 7.579452572237640595e+01
3.635469961293319585e+01 5.466377668904703313e+01 7.569291894723761516e+01
3.694601205199302285e+01 5.458206191738982938e+01 7.798364901000550731e+01
3.754694224073336528e+01 5.529062719156758732e+01 7.734892437438200830e+01
3.815764661271248315e+01 5.475018425460066140e+01 7.647635487510473240e+01
3.877828414589457395e+01 5.542831905747812016e+01 7.594635489689707697e+01
3.940901640403449591e+01 5.436575129156736352e+01 7.681790399354792953e+01
4.005000757873611406e+01 5.544547461488345164e+01 7.540972718399376618e+01
4.070142453219438750e+01 5.473736359478911595e+01 7.703128350830913007e+01
4.136343684063273685e+01 5.534072086895082521e+01 7.613276542433335692e+01
4.203621683844713885e+01 5.467532852160555734e+01 7.642593585846596227e+01
4.271993966306779100e+01 5.372322157958857503e+01 7.813250593361800611e+01
4.341478330055092272e+01 5.540861165159052604e+01 7.673423294751177082e+01
4.412092863191190162e+01 5.451797441864732008e+01 7.758396949936737030e+01
4.483855948021186322e+01 5.532515726820366098e+01 7.702332355940843911e+01
4.556786265841063965e+01 5.648169720335031485e+01 7.744592512125426254e+01
4.630902801799739166e+01 5.592003322915847718e+01 7.780494200845902242e+01
4.706224849841281355e+01 5.460422577388781207e+01 7.724831469733031497e+01
4.782772017727485547e+01 5.548140134054109041e+01 7.936368734898147181e+01
4.860564232142133534e+01 5.566763964027298783e+01 7.797772235732841750e+01
4.939621743878320359e+01 5.555192704235565770e+01 7.659174577224246150e+01
5.019965133110081723e+01 5.549604843530196518e+01 7.676794011844721410e+01
5.101615314749833630e+01 5.622346104386311083e+01 7.795085691799275196e+01
5.184593543892913203e+01 5.585388731160679043e+01 7.759153187498844773e+01
5.268921421350671608e+01 5.560906655458887116e+01 7.644819672500497632e+01
5.354620899273607648e+01 5.538757060100082441e+01 7.632800532406939453e+01
5.441714286865889960e+01 5.519218568894642374e+01 7.833402699165922911e+01
5.530224256192899901e+01 5.563872882665213382e+01 7.879477831298626711e+01
5.620173848083187806e+01 5.537965280997007511e+01 7.834462235345579018e+01
5.711586478126432098e+01 5.562817450517621864e+01 7.898942316696438581e+01
5.804485942768977935e+01 5.580205181711725260e+01 7.852318111123797451e+01
5.898896425508496577e+01 5.588450184803730281e+01 7.865954631019089049e+01
5.994842503189408944e+01 5.503566061137239274e+01 7.900506437987803565e+01
6.092349152400711887e+01 5.582435057453592719e+01 7.693615515734347809e+01
6.191441755977844252e+01 5.614064659781925570e+01 7.772284552051289097e+01
6.292146109610344240e+01 5.637035999619337190e+01 7.950152725038364565e+01
6.394488428556942949e+01 5.620654074637922548e+01 7.683315269968956329e+01
6.498495354469888241e+01 5.576872383778547970e+01 7.914836718744662392e+01
6.604193962330305112e+01 5.551327327184861815e+01 7.751581241811730649e+01
6.711611767496283676e+01 5.611001298430446127e+01 7.821119939864583159e+01
6.820776732865685688e+01 5.608886522208514691e+01 7.910675510804574628e+01
6.931717276155407603e+01 5.663087741303534983e+01 7.750412388756295456e+01
7.044462277299037112e+01 5.722294335901602125e+01 7.904349906454514496e+01
7.159041085964888396e+01 5.745710740776604553e+01 7.943652797094061668e+01
7.275483529196229426e+01 5.655369474351908110e+01 7.801344208304539052e+01
7.393819919175865607e+01 5.583131282761597447e+01 7.864885070971121195e+01
7.514081061116969806e+01 5.607560593037204200e+01 7.833256965833986385e+01
7.636298261282242095e+01 5.716689751540955911e+01 7.916030024432332368e+01
7.760503335133570602e+01 5.597593187218602395e+01 7.889371781641764869e+01
7.886728615614151749e+01 5.622515505071906716e+01 7.857203855562943318e+01
8.015006961565404708e+01 5.777529508661962865e+01 8.037041032404484042e+01
8.145371766280744907e+01 5.664477429676657749e+01 7.773698811648492324e+01
8.277856966198471866e+01 5.801452370619724519e+01 7.843871986209582303e+01
8.412497049736118981e+01 5.662642302734781197e+01 7.773012657594971131e+01
8.549327066268379838e+01 5.672631349172657167e+01 7.906230783361847614e+01
8.688382635251184638e+01 5.703325175639648847e+01 8.008088751979389031e+01
8.829699955494092478e+01 5.543089625193817938e+01 7.996091719131632658e+01
8.973315814583520478e+01 5.655378675425455981e+01 7.882401644563731224e+01
9.119267598459298085e+01 5.764340896027295713e+01 8.047603044268933559e+01
9.267593301146878559e+01 5.739200551677230777e+01 8.023991251403111846e+01
9.418331534647951742e+01 5.771305990460847823e+01 8.086211152008995384e+01
9.571521538991865441e+01 5.787453749864881303e+01 7.924002770557309816e+01
9.727203192450537017e+01 5.873040672068004397e+01 7.995380406136501961e+01
9.885417021919573699e+01 5.786074079814272153e+01 8.104434845104769636e+01
1.004620421346813117e+02 5.719550021490083935e+01 7.901798311417337572e+01
1.020960662306046487e+02 5.786832628235497822e+01 8.073270630101417566e+01
1.037566678745185982e+02 5.754717027294033471e+01 8.016971062651188618e+01
1.054442793526168458e+02 5.713340171690836655e+01 8.023506802605609778e+01
1.071593399822671131e+02 5.790011081728302145e+01 7.885967606753131065e+01
1.089022962263730534e+02 5.628157379401431371e+01 8.099321329576959272e+01
1.106736018095973435e+02 5.784859438244280483e+01 7.960023838295470000e+01
1.124737178364751884e+02 5.773170507599617451e+01 8.064724133209723789e+01
1.143031129114478688e+02 5.702916550722466127e+01 8.168482146593315463e+01
1.161622632608501817e+02 5.838294008346363029e+01 8.181041909332262207e+01
1.180516528568805512e+02 5.772343518656919059e+01 8.132518201640706934e+01
1.199717735435884265e+02 5.717920984069971269e+01 8.068737227548672308e+01
1.219231251649110703e+02 5.775772381949791168e+01 8.005272251866364286e+01
1.239062156947915696e+02 5.816911022258368291e+01 8.099516992185191100e+01
1.259215613694150875e+02 5.843726797609961210e+01 8.261716958163819413e+01
1.279696868215941663e+02 5.854499843857318098e+01 8.280969095176371297e+01
1.300511252173409957e+02 5.791136532443753282e+01 8.207782159301279989e+01
1.321664183946605249e+02 5.689606271290126216e+01 8.218635341518074711e+01
1.343161170046015229e+02 5.892348405432489500e+01 8.097910914756182876e+01
1.365007806546013853e+02 5.857225998547627910e+01 8.199584937525939665e+01
1.387209780541620887e+02 5.762917385345473775e+01 8.202920935183873041e+01
1.409772871628967721e+02 5.873514789180408968e+01 8.181474066072422602e+01
1.432702953409830968e+02 5.763579606103209585e+01 8.102809842215171443e+01
1.456005995020648527e+02 5.782314564336983409e+01 8.150868397873506410e+01
1.479688062686396393e+02 5.840112775699748227e+01 8.209480174416441400e+01
1.503755321299738341e+02 5.933618013808413849e+01 8.051014859592626749e+01
1.528214036025870826e+02 5.902973647275513969e+01 8.112246518356491265e+01
1.553070573933460139e+02 5.898697553147324157e+01 8.088744840993273044e+01
1.578331405652116359e+02 5.860390497125972331e+01 8.244700133069858339e+01
1.604003107056819886e+02 5.818794829742860486e+01 8.286487688834796472e+01
1.630092360979741102e+02 5.811754282389033222e+01 8.244837642611096840e+01
1.656605958949915305e+02 5.967345777744066737e+01 8.134211912486946972e+01
1.683550802961202351e+02 5.920976429880305858e+01 8.259110337751997122e+01
1.710933907269013332e+02 5.962132441955723294e+01 8.350461814225263879e+01
1.738762400216250512e+02 6.040356312441841879e+01 8.281490564251956243e+01
1.767043526088946521e+02 5.946892116441560461e+01 8.282942059507789168e+01
1.795784647002096790e+02 6.021742139822137574e+01 8.290088192909568932e+01
1.824993244816152469e+02 5.928061150678562541e+01 8.284781602612903839e+01
1.854676923084697648e+02 6.009932841870065801e+01 8.290003190076737383e+01
1.884843409033795467e+02 5.891995061400704259e+01 8.576397056105383854e+01
1.915500555573527777e+02 5.981698791514475744e+01 8.244456835674303363e+01
1.946656343342263256e+02 6.090501264881597621e+01 8.383917297752903153e+01
1.978318882784164430e+02 5.949857180148097768e+01 8.321510870060058096e+01
2.010496416260496915e+02 5.982688237083024063e+01 8.359346282116159443e+01
2.043197320195270379e+02 5.893709935787204302e+01 8.430148744852387210e+01
2.076430107255774828e+02 5.977877646862142313e+01 8.348706359132054899e+01
2.110203428568596564e+02 6.163832841398954798e+01 8.368797191389316481e+01
2.144526075971667467e+02 5.999590693963712340e+01 8.294771736906216120e+01
2.179406984302953560e+02 6.036664175838093627e+01 8.244216307181652326e+01
2.214855233726359245e+02 6.021706732497107595e+01 8.510396315306324766e+01
2.250880052095461679e+02 6.014096234906015326e+01 8.133490787559919966e+01
2.287490817355703996e+02 5.959678243210202453e+01 8.451525577055369354e+01
2.324697059985647911e+02 6.083539555134973398e+01 8.439723549249964663e+01
2.362508465477945094e+02 5.986065214682172808e+01 8.278577004179392418e+01
2.400934876860651741e+02 5.998897319064903400e+01 8.443653829598264338e+01
2.439986297259550270e+02 6.077589197710770463e+01 8.405653536351330501e+01
2.479672892502159982e+02 6.088758422878677123e+01 8.493415297832704880e+01
2.520004993764092092e+02 6.111970592546409620e+01 8.220089065525809247e+01
2.560993100258456820e+02 6.073656264811182837e+01 8.307404220086019109e+01
2.602647881969004402e+02 6.057423989244504270e+01 8.376530135668362220e+01
2.644980182427719910e+02 6.142203625870325112e+01 8.435847360639463943e+01
2.688001021537607471e+02 6.169919814690720727e+01 8.425559531994825591e+01
2.731721598441376386e+02 6.082675612118990216e+01 8.663901084325132729e+01
2.776153294436797978e+02 6.087304207819170188e+01 8.476433351140219941e+01
2.821307675939470982e+02 6.068492519902159188e+01 8.590401395454001943e+01
2.867196497493769698e+02 6.297144905472520549e+01 8.509955268165823838e+01
2.913831704832788887e+02 6.105881688397531093e+01 8.438124798355926259e+01
2.961225437988034628e+02 6.159952124162806797e+01 8.524120265133844043e+01
3.009390034449721156e+02 6.129097425065648252e+01 8.593330674096760902e+01
3.058338032378431421e+02 6.188016792071064742e+01 8.411101752038405266e+01
3.108082173869063922e+02 5.988253207131210587e+01 8.475253560546025255e+01
3.158635408267819003e+02 6.113279316033042221e+01 8.486652670253559450e+01
3.210010895543171614e+02 6.213603553401285495e+01 8.672683545743362288e+01
3.262222009711670125e+02 6.028280808141006730e+01 8.585807607745059045e+01
3.315282342319423492e+02 6.063025438002768652e+01 8.532311115157234838e+01
3.369205705980266998e+02 6.163049027977564265e+01 8.695075675042780006e+01
3.424006137971425687e+02 6.174610895740908489e+01 8.666300764514011234e+01
3.479697903887691268e+02 6.151208191035770767e+01 8.584289997384368576e+01
3.536295501355043029e+02 6.206461835310951614e+01 8.606873673357885934e+01
3.593813663804625662e+02 6.208297667285993526e+01 8.723050737324990678e+01
3.652267364308175388e+02 6.198556978943074824e+01 8.719318708730951073e+01
3.711671819475766938e+02 6.107572814961842766e+01 8.776797815490888865e+01
3.772042493416997218e+02 6.208707259366185838e+01 8.643018308270673344e+01
3.833395101766601556e+02 6.245161299701878477e+01 8.609094618444179048e+01
3.895745615775501278e+02 6.317760015385078276e+01 8.766783982101438255e+01
3.959110266468458690e+02 6.246752496144988953e+01 8.799592642773544071e+01
4.023505548869293307e+02 6.199804663866602539e+01 8.634851416636959698e+01
4.088948226294864412e+02 6.064797550637836565e+01 8.842939739517834141e+01
4.155455334718875520e+02 6.135501639809010044e+01 8.780805549849380043e+01
4.223044187206672291e+02 6.352137298810740162e+01 8.675345979049195932e+01
4.291732378422157694e+02 6.200992435854231388e+01 8.718988899736940823e+01
4.361537789208005620e+02 6.300672634599699506e+01 8.686561373616068238e+01
4.432478591240400760e+02 6.398005326372660306e+01 8.843444265317681641e+01
4.504573251759458685e+02 6.209576568749034919e+01 8.754391099278403487e+01
4.577840538376616450e+02 6.361116788723127513e+01 8.796335323757681124e+01
4.652299523960189163e+02 6.350201376240643469e+01 8.755851229644301270e+01
4.727969591600390800e+02 6.300356542304471930e+01 8.843622405513349349e+01
4.804870439655134078e+02 6.355102872524804525e+01 8.795626779438002529e+01
4.883022086877879815e+02 6.409396408086027463e+01 8.791667328757350219e+01
4.962444877628913673e+02 6.364004448561514238e+01 8.915041480396398299e+01
5.043159487171358819e+02 6.319047656215060726e+01 8.871400896516294665e+01
5.125186927053332511e+02 6.218592268218968400e+01 8.967865976888667490e+01
5.208548550577665992e+02 6.279707507307833936e+01 8.811072171935585118e+01
5.293266058360561601e+02 6.398005854174866158e+01 8.958389917793228108e+01
5.379361503980697989e+02 6.459079338532177417e+01 8.917718749519337962e+01
5.466857299720180663e+02 6.262775553900975467e+01 9.104748011913876837e+01
5.555776222398877735e+02 6.366886273672606222e+01 8.908666675936666479e+01
5.646141419303672819e+02 6.320625771146592342e+01 8.862491972759818282e+01
5.737976414214133456e+02 6.361348093369542056e+01 8.816323794316966200e+01
5.831305113526218520e+02 6.418469781689707077e+01 8.881422735111517852e+01
5.926151812475552560e+02 6.233406818978148323e+01 9.037450056994150316e+01
6.022541201461928040e+02 6.411569705562591537e+01 8.855418287544756595e+01
6.120498372476703253e+02 6.337045596378256818e+01 9.085899919958607995e+01
6.220048825634711420e+02 6.349405960316483544e+01 8.908090719237580402e+01
6.321218475812448787e+02 6.420764930510944168e+01 8.812762520621205908e+01
6.424033659394191318e+02 6.512095399155353448e+01 8.897362383616059844e+01
6.528521141127847613e+02 6.403333848079461177e+01 9.068150297289002992e+01
6.634708121092351121e+02 6.433290138000950265e+01 8.838136273232458962e+01
6.742622241778342413e+02 6.354979716663700628e+01 8.966273175919813809e+01
6.852291595284057166e+02 6.378821947745580445e+01 8.927224595979492960e+01
6.963744730628221760e+02 6.525195917940177992e+01 9.169245651568054711e+01
7.077010661181889191e+02 6.382930389701763829e+01 9.122006944370887993e+01
7.192118872221193442e+02 6.393108792181178046e+01 9.055088819576872083e+01
7.309099328602910646e+02 6.390674259248261535e+01 8.867312421830384039e+01
7.427982482564910924e+02 6.418212355962397453e+01 8.931646071506000339e+01
7.548799281653431308e+02 6.477659183444598057e+01 9.176878164677253835e+01
7.671581176779302496e+02 6.521473488653677464e+01 9.007045920533214201e+01
7.796360130405237214e+02 6.392894753914988826e+01 9.168910323262517181e+01
7.923168624866253822e+02 6.488230476403433045e+01 9.056493649237754084e+01
8.052039670825470239e+02 6.478918157762007013e+01 9.271043018356785126e+01
8.183006815867389605e+02 6.499490472989282353e+01 9.031999315788512206e+01
8.316104153230961629e+02 6.605107997903877504e+01 9.156795121985980757e+01
8.451366330684721788e+02 6.479465835614719538e+01 9.224695056152145867e+01
8.588828559546249153e+02 6.518655439750638436e+01 9.114089997645788799e+01
8.728526623848371173e+02 6.535227224212633246e+01 9.216804994811559482e+01
8.870496889654402821e+02 6.525905403606238053e+01 9.147390296359397155e+01
9.014776314524917780e+02 6.627273105785269536e+01 9.166410233235541227e+01
9.161402457138520958e+02 6.542863801588742945e+01 9.229337933934608884e+01
9.310413487069075700e+02 6.531014886111408657e+01 9.159250836300589071e+01
9.461848194721992513e+02 6.543075221978610045e+01 9.301081649492682857e+01
9.615746001432095227e+02 6.656229487809727630e+01 9.250997094041028390e+01
9.772146969725724830e+02 6.644713152000177558e+01 9.242732645197908425e+01
9.931091813749800394e+02 6.557645234696630610e+01 9.098846978533468643e+01
1.009262190987047347e+03 6.522036486378489428e+01 9.551940811084152472e+01
1.025677930744421928e+03 6.585856796132448210e+01 9.052364086306184277e+01
1.042360673976401131e+03 6.668528405694129901e+01 9.251783237308615071e+01
1.059314763518370000e+03 6.698443382804056512e+01 9.412811311181157237e+01
1.076544612842315928e+03 6.609795949712768959e+01 9.327322641038973927e+01
1.094054707205742488e+03 6.644063697049354289e+01 9.306742458779737603e+01
1.111849604819271008e+03 6.510753959886567088e+01 9.362105227762263837e+01
1.129933938033221693e+03 6.768529197015335797e+01 9.461992096516206630e+01
1.148312414543511068e+03 6.755856170046018860e+01 9.375760852929607836e+01
1.166989818617147421e+03 6.674131444095925758e+01 9.331199361070292753e+01
1.185971012337669436e+03 6.627876786792148778e+01 9.353569804646664920e+01
1.205260936870842670e+03 6.614841219187950117e+01 9.484048715101904747e+01
1.224864613750930630e+03 6.708194261215419374e+01 9.255358962019113278e+01
1.244787146187906046e+03 6.630003135025408767e+01 9.484264527745489204e+01
1.265033720395903856e+03 6.683318724350370132e+01 9.399227069926234890e+01
1.285609606943295148e+03 6.694243901825707610e+01 9.432495972458772826e+01
1.306520162124721310e+03 6.746586015326133179e+01 9.318916079756708370e+01
1.327770829355428987e+03 6.740363016519205530e+01 9.449048399237298668e+01
1.349367140588306484e+03 6.728396990730021798e+01 9.502705184521938975e+01
1.371314717753945615e+03 6.758196713948053969e+01 9.450335390148151760e+01
1.393619274224142146e+03 6.760104410828202504e+01 9.410088857820038299e+01
1.416286616299198840e+03 6.807713225248927813e+01 9.453439783405848118e+01
1.439322644719406526e+03 6.790894027964097290e+01 9.312886879007923824e+01
1.462733356201129936e+03 6.713511850959599769e+01 9.421473619432455848e+01
1.486524844997857144e+03 6.902081943175758738e+01 9.561170845411926678e+01
1.510703304486654133e+03 6.847918152666973413e+01 9.482410991898990460e+01
1.535275028780422645e+03 6.808628985540067902e+01 9.599926473992323395e+01
1.560246414366369663e+03 6.825628435270297700e+01 9.473992066604033369e+01
1.585623961771137147e+03 6.801903841333778189e+01 9.638926959767022140e+01
1.611414277253019918e+03 6.694449011961800977e+01 9.304925119491078078e+01
1.637624074521687362e+03 6.816287323364092288e+01 9.642387145756804046e+01
1.664260176485903685e+03 7.044325502493586555e+01 9.642603609242146945e+01
1.691329517029648741e+03 6.912830424835880194e+01 9.490951366310810045e+01
1.718839142817145557e+03 6.841669425968953533e+01 9.615747871140644065e+01
1.746796215127245659e+03 6.872174288819016397e+01 9.695936262703899899e+01
1.775208011717634236e+03 6.865143859790164527e+01 9.673247460719089474e+01
1.804081928719382859e+03 6.930687608268301858e+01 9.678349003867087674e+01
1.833425482562290654e+03 6.873435786744366283e+01 9.623286999288765742e+01
1.863246311931559831e+03 6.910162432790343701e+01 9.709334361903691502e+01
1.893552179756295118e+03 6.986469972562612440e+01 9.597261899972703247e+01
1.924350975230330278e+03 6.975479469773245000e+01 9.561425425127265498e+01
1.955650715865948996e+03 6.907256396458052450e+01 9.871000630749567506e+01
1.987459549580983776e+03 7.081100856774578745e+01 9.895212670805325672e+01
2.019785756819878316e+03 7.031350812288341956e+01 9.685899614435375327e+01
2.052637752709252254e+03 6.939175841653404575e+01 9.732573944099836183e+01
2.086024089248502605e+03 7.031840360858431893e+01 9.736836849265799287e+01
2.119953457536071255e+03 6.991409137720359013e+01 9.815034553154458763e+01
2.154434690031884656e+03 7.005392689750232194e+01 9.825673014382115866e+01
2.189476762856620553e+03 6.963795219232584088e+01 9.602345663200513570e+01
2.225088798128369490e+03 6.985224146076468799e+01 9.924784246699103107e+01
2.261280066337277276e+03 7.013417016800531201e+01 9.846718068251384182e+01
2.298059988758850977e+03 7.116053875591819633e+01 9.675866043650199799e+01
2.335438139906479137e+03 6.856316324071204349e+01 9.665865053690768605e+01
2.373424250023866080e+03 6.993239669649520351e+01 9.577115125692705533e+01
2.412028207618006945e+03 6.970301721011885832e+01 9.851096191256884538e+01
2.451260062033337363e+03 6.928450500562964010e+01 9.906101935868535691e+01
2.491130026067788549e+03 7.092436850976835672e+01 9.851274211787232105e+01
2.531648478631355374e+03 7.025520257630849130e+01 9.886816408433600145e+01
2.572825967447932271e+03 6.976851222941591857e+01 9.923280387383098855e+01
2.614673211801092293e+03 7.069751482785085273e+01 9.659271570807970875e+01
2.657201105324504169e+03 6.958955593133160278e+01 9.844364046946935787e+01
2.700420718837772711e+03 7.070660626110333169e+01 9.846933489068848644e+01
2.744343303228365585e+03 7.131457018323862940e+01 1.002760648271661807e+02
2.788980292380439550e+03 7.077884033336172820e+01 9.849455542206665370e+01
2.834343306151309207e+03 7.144386003790555151e+01 1.008595794152812175e+02
2.880444153396297679e+03 7.119757607704524105e+01 9.932628335952935572e+01
2.927294835042815976e+03 7.175285542327092969e+01 9.934504803846252230e+01
2.974907547214440456e+03 7.064556201272048952e+01 9.939543674142653629e+01
3.023294684405776479e+03 7.244860960864833999e+01 9.903062204904425414e+01
3.072468842709003638e+03 7.122610565794769855e+01 1.010551928641415174e+02
3.122442823092857907e+03 7.009827751270860574e+01 1.015713561345023948e+02
3.173229634734976116e+03 7.047099133585180653e+01 1.001595112609716267e+02
3.224842498408442225e+03 7.131407838916865671e+01 1.017333464033607839e+02
3.277294849923382117e+03 7.085302489540919169e+01 9.898579558039691051e+01
3.330600343624588731e+03 7.069747466676778913e+01 1.003475839502259674e+02
3.384772855945982883e+03 7.110768483464462975e+01 9.978889457027146648e+01
3.439826489022924761e+03 7.152393864920531996e+01 9.871996732524033291e+01
3.495775574363275155e+03 7.231074818898598267e+01 1.013611912665682979e+02
3.552634676578139533e+03 7.325035596028682505e+01 1.015912411706086971e+02
3.610418597173337275e+03 7.134357140976946710e+01 1.014403474733215944e+02
3.669142378402494160e+03 7.138935026671768469e+01 1.020661227131882924e+02
3.728821307182833607e+03 7.165843485651821254e+01 1.021147710598173717e+02
3.789470919074667563e+03 7.409616404157304714e+01 1.021947388093422546e+02
3.851107002325568828e+03 7.233065098636133428e+01 1.043213434862990852e+02
3.913745601980383981e+03 7.158072274040355865e+01 1.017142370194211622e+02
3.977403024058036863e+03 7.336993945382691606e+01 1.019725912271681239e+02
4.042095839796305881e+03 7.317425388729138547e+01 1.034820724934677827e+02
4.107840889965646966e+03 7.279929357810883062e+01 1.023714709919467083e+02
4.174655289253134470e+03 7.351547724468107958e+01 1.021116266951879368e+02
4.242556430717777403e+03 7.374276051123970888e+01 1.003591933078246825e+02
4.311561990318228709e+03 7.381131199403085930e+01 1.021435258871832161e+02
4.381689931514189993e+03 7.263159065314042095e+01 1.021286688625293380e+02
4.452958509942655837e+03 7.260100451299651070e+01 9.965388197297107808e+01
4.525386278170166406e+03 7.184814069952126658e+01 1.010582214136359340e+02
4.598992090522438048e+03 7.260080376501871058e+01 1.028506652923666564e+02
4.673795107992463272e+03 7.320451267063675971e+01 1.014055139689821630e+02
4.749814803228499841e+03 7.318820649110631393e+01 9.949092258112604270e+01
4.827070965603183140e+03 7.485270981546695168e+01 1.023195859617296151e+02
4.905583706365045146e+03 7.266989925558333141e+01 1.007825275560768290e+02
4.985373463873893343e+03 7.476328104639593164e+01 1.041520798288905780e+02
5.066461008921268331e+03 7.335710999703879054e+01 1.028969789275529365e+02
5.148867450137492597e+03 7.315518975682164182e+01 1.049149129466241135e+02
5.232614239486661972e+03 7.405705820226438618e+01 1.021694392222081120e+02
5.317723177850972206e+03 7.420142598434772196e+01 1.034039843935822489e+02
5.404216420705914970e+03 7.298282615359289593e+01 1.030041713147228251e+02
5.492116483887789400e+03 7.348753272661298297e+01 1.028872347185737794e+02
5.581446249454960707e+03 7.383958368101768599e+01 1.059688251572610227e+02
5.672228971644543890e+03 7.322015618889355437e+01 1.028950911145233533e+02
5.764488282925879503e+03 7.360904118239190552e+01 1.036925624578757237e+02
5.858248200152535901e+03 7.299706235235716179e+01 1.068133906515441538e+02
5.953533130814370452e+03 7.296651754943147239e+01 1.053125349185967110e+02
6.050367879391218594e+03 7.360927066827355247e+01 1.041797251516540967e+02
6.148777653810023367e+03 7.491293840078452604e+01 1.035445791863618155e+02
6.248788072006894254e+03 7.528899814114153344e+01 1.048380363373430555e+02
6.350425168595961622e+03 7.546559809360462623e+01 1.048530826567296685e+02
6.453715401646702048e+03 7.353663290153748733e+01 1.058155413022599873e+02
6.558685659571428914e+03 7.576136552366715193e+01 1.036287754760287498e+02
6.665363268124913702e+03 7.497692899966864388e+01 1.053174731891233904e+02
6.773775997517751421e+03 7.526794615812009681e+01 1.055705636867092352e+02
6.883952069645496522e+03 7.447333589779123031e+01 1.064888572226767138e+02
6.995920165435374656e+03 7.427123843736409015e+01 1.071595142463706765e+02
7.109709432312431090e+03 7.513711620928441448e+01 1.058997419146028562e+02
7.225349491787213992e+03 7.460268619728101669e+01 1.062938880983595880e+02
7.342870447166765189e+03 7.460651136797865490e+01 1.069163185477468971e+02
7.462302891391107551e+03 7.568712003576875702e+01 1.064999669730857761e+02
7.583677914997190783e+03 7.467466925495345720e+01 1.060730579524083907e+02
7.707027114212295601e+03 7.544910460879610525e+01 1.061334241646396066e+02
7.832382599179196404e+03 7.515660419708888185e+01 1.036725712303720570e+02
7.959777002314986021e+03 7.649091647950145045e+01 1.060401372741278578e+02
8.089243486805938119e+03 7.550002249189530801e+01 1.055025190019037495e+02
8.220815755240540966e+03 7.492922400134067118e+01 1.074606695294374532e+02
8.354528058382862582e+03 7.569465147728753607e+01 1.067224025103140548e+02
8.490415204088747487e+03 7.608887829047782247e+01 1.069787582344964250e+02
8.628512566366895044e+03 7.608868289373134530e+01 1.050396205339285416e+02
8.768856094587426924e+03 7.634383240690033290e+01 1.049355034568200722e+02
8.911482322840201959e+03 7.588937886218714368e+01 1.070875851551230511e+02
9.056428379445294922e+03 7.630092999858104008e+01 1.078115688426633909e+02
9.203731996618220364e+03 7.553885391068666877e+01 1.073359428722912412e+02
9.353431520292386267e+03 7.642661165103010035e+01 1.062178060504898838e+02
9.505565920101191296e+03 7.702342989655721794e+01 1.047327217794348684e+02
9.660174799522645117e+03 7.603208044805307964e+01 1.077565748918993904e+02
9.817298406188840090e+03 7.609317163359578728e+01 1.073890778785745113e+02
9.976977642363201085e+03 7.552849433203567742e+01 1.076767256113955682e+02
1.013925407558814368e+04 7.542892058894793195e+01 1.072843820144489371e+02
1.030416994950587468e+04 7.676420636693291044e+01 1.068667733111835361e+02
1.047176819485520355e+04 7.721233638344105543e+01 1.091268698073572949e+02
1.064209244064724589e+04 7.758037736909351167e+01 1.053512852551924794e+02
1.081518702552289142e+04 7.732001311170280644e+01 1.103892522559678753e+02
1.099109700929496103e+04 7.655686437694910751e+01 1.051096876704806107e+02
1.116986818467822559e+04 7.781820041351487305e+01 1.092214278451057936e+02
1.135154708920999110e+04 7.731400379817969792e+01 1.075528537303728172e+02
1.153618101736478457e+04 7.744978348103244059e+01 1.082817752611297379e+02
1.172381803286599825e+04 7.753276815093961716e+01 1.069976696061037131e+02
1.191450698119774825e+04 7.657044124340116298e+01 1.077297990614907519e+02
1.210829750232039441e+04 7.844028189581628396e+01 1.086073779711777405e+02
1.230524004359261562e+04 7.772625778394187535e+01 1.093240140426220961e+02
1.250538587290391297e+04 7.628967471308763493e+01 1.070576689133682322e+02
1.270878709202059508e+04 7.750520737276283967e+01 1.086990641118089798e+02
1.291549665014882703e+04 7.883722359702072424e+01 1.086196608850711414e+02
1.312556835771842816e+04 7.734062601569142714e+01 1.102268504382959975e+02
1.333905690039058754e+04 7.838565155117656502e+01 1.101803174972857846e+02
1.355601785329368977e+04 7.834112866143875920e+01 1.109812413105831155e+02
1.377650769549054894e+04 7.829320374494857049e+01 1.105079224208051869e+02
1.400058382468096170e+04 7.725319636352638497e+01 1.097582410582941321e+02
1.422830457214351918e+04 7.773787290477756073e+01 1.083595067316801561e+02
1.445972921792019588e+04 7.861609461495261542e+01 1.099862793799949401e+02
1.469491800624817188e+04 7.791123300251430805e+01 1.085830570803478849e+02
1.493393216124253377e+04 7.872278304366470536e+01 1.116633916600638088e+02
1.517683390283403787e+04 7.951875866996059017e+01 1.085791794562117900e+02
1.542368646296627412e+04 7.920849886178307031e+01 1.093139931677887944e+02
1.567455410205595035e+04 7.947489848096030585e+01 1.079493097045807275e+02
1.592950212572123019e+04 7.874915511729234652e+01 1.104205391652478028e+02
1.618859690178199162e+04 7.827475524501815585e+01 1.110995883706652450e+02
1.645190587753660657e+04 7.937748252685021555e+01 1.097590069242016710e+02
1.671949759731991799e+04 7.766160489818514634e+01 1.108408621851019120e+02
1.699144172034625808e+04 7.891573002826838490e+01 1.111249113516854408e+02
1.726780903884355939e+04 7.819341393384465277e+01 1.104780066705154837e+02
1.754867149648152190e+04 7.933407507948679438e+01 1.090855919667680780e+02
1.783410220710006251e+04 7.921593525683343273e+01 1.108235238135298175e+02
1.812417547374239439e+04 8.074282190198273668e+01 1.118884111262664476e+02
1.841896680799710884e+04 7.941005897535349334e+01 1.097706545667076625e+02
1.871855294965579378e+04 7.978751362515063761e+01 1.121128003302078042e+02
1.902301188668945906e+04 7.962476282465652844e+01 1.109589145789039293e+02
1.933242287555043367e+04 7.870585261222787210e+01 1.105207162356623343e+02
1.964686646180448588e+04 7.974164280716892961e+01 1.098510533087440422e+02
1.996642450109793208e+04 7.914696999433886049e+01 1.098568097958622047e+02
2.029118018046678117e+04 7.999092114572155765e+01 1.103671342163531364e+02
2.062121803999144686e+04 8.087818136049769180e+01 1.080634493936419460e+02
2.095662399480430759e+04 7.957456369119853434e+01 1.118703593923224275e+02
2.129748535745523259e+04 7.954443074356187537e+01 1.145121143407293118e+02
2.164389086064020375e+04 7.863701129363404618e+01 1.112356012609211433e+02
2.199593068030074937e+04 8.107672338097181353e+01 1.129450910644544308e+02
2.235369645909796600e+04 8.091961995687350395e+01 1.128376575295722972e+02
2.271728133026902651e+04 7.998949539450026691e+01 1.118030263377462461e+02
2.308677994187172226e+04 7.969846478004679113e+01 1.130179007725218412e+02
2.346228848142262359e+04 7.962336590218453125e+01 1.136641393538509419e+02
2.384390470093720432e+04 7.989530506059453785e+01 1.130806480945308437e+02
2.423172794237600829e+04 7.999939136374962345e+01 1.127120319020414598e+02
2.462585916350543994e+04 7.975712053484005537e+01 1.137424932233790003e+02
2.502640096417921814e+04 8.123696482541835451e+01 1.110387936016047092e+02
2.543345761304648113e+04 8.092791269491497985e+01 1.121552188248357993e+02
2.584713507469563774e+04 8.187934158024644660e+01 1.111373976780127748e+02
2.626754103723838489e+04 7.964792889923100461e+01 1.141810076334853647e+02
2.669478494034317919e+04 8.071444785542294653e+01 1.130462430086308672e+02
2.712897800372470010e+04 8.148371581951957410e+01 1.139400037253317919e+02
2.757023325609582753e+04 8.097262896539434962e+01 1.118723975084384961e+02
2.801866556459195272e+04 8.133400481008871452e+01 1.125065352997437031e+02
2.847439166467247924e+04 8.270176142744958270e+01 1.132206682949535690e+02
2.893753019050947478e+04 8.146038325506282263e+01 1.127337336894861295e+02
2.940820170587066605e+04 8.060981382636387593e+01 1.148113314665812794e+02
2.988652873550382719e+04 8.152586834765666879e+01 1.135968677826410271e+02
3.037263579703311552e+04 8.247658514764674464e+01 1.141263344161220346e+02
3.086664943337274599e+04 8.058994771916486854e+01 1.128045801016284884e+02
3.136869824566873285e+04 8.223051198291754815e+01 1.135540094361129206e+02
3.187891292677649108e+04 8.274313421852716033e+01 1.143962524721397926e+02
3.239742629528195539e+04 8.142021210644055884e+01 1.134452317787969378e+02
3.292437333007768757e+04 8.224505575721981643e+01 1.142028087006176236e+02
3.345989120549974905e+04 8.239367448135305949e+01 1.142047131593685378e+02
3.400411932703702769e+04 8.220966669558890771e+01 1.136446333448105293e+02
3.455719936762142606e+04 8.287715164701995718e+01 1.150923579943773234e+02
3.511927530450727500e+04 8.158339706937385927e+01 1.146524626223877021e+02
3.569049345675229415e+04 8.213595144197543618e+01 1.130208646071216947e+02
3.627100252330648073e+04 8.275617003301833563e+01 1.146522880493633352e+02
3.686095362172154273e+04 8.140196014532787672e+01 1.150368153027810223e+02
3.746050032748997182e+04 8.257883826060067634e+01 1.168652241099693327e+02
3.806979871402284334e+04 8.167907442527219075e+01 1.154046172929632377e+02
3.868900739327975316e+04 8.244832958945723078e+01 1.153180662281202160e+02
3.931828755705770163e+04 8.389766582036241971e+01 1.169661690481268295e+02
3.995780301895265438e+04 8.129942352490112967e+01 1.142167753333109630e+02
4.060772025700369704e+04 8.256661033757561086e+01 1.162869762579086625e+02
4.126820845702951920e+04 8.303525525460288748e+01 1.149527545910921305e+02
4.193943955667185946e+04 8.349141925894895166e+01 1.149716099299362071e+02
4.262158829015324591e+04 8.424712219212409536e+01 1.155136089236202395e+02
4.331483223376394017e+04 8.337689481888691034e+01 1.157177949773775225e+02
4.401935185208878829e+04 8.294064537530182690e+01 1.146824448607703886e+02
4.473533054498463025e+04 8.372596100299794841e+01 1.162374872692952579e+02
4.546295469532399147e+04 8.287103604878969065e+01 1.181764559561264463e+02
4.620241371751313272e+04 8.165036912044890016e+01 1.171887133977904938e+02
4.695390010680053092e+04 8.286365431705851847e+01 1.180424528986734884e+02
4.771760948938750516e+04 8.367642460066738863e+01 1.162824769750302352e+02
4.849374067335233121e+04 8.458125224128620800e+01 1.155281537512978645e+02
4.928249570040513208e+04 8.313626716547224760e+01 1.185970610576675170e+02
5.008407989848212310e+04 8.279432894549522359e+01 1.171787408083296498e+02
5.089870193519674649e+04 8.295008505463566451e+01 1.175439742179285076e+02
5.172657387216024654e+04 8.309606364914921528e+01 1.182892906101916140e+02
5.256791122018419264e+04 8.463167950306250020e+01 1.172591164300430080e+02
5.342293299538352585e+04 8.288429868904940179e+01 1.162188967615678905e+02
5.429186177618942747e+04 8.239106750137347035e+01 1.178775727996872860e+02
5.517492376129117474e+04 8.327561342489582330e+01 1.161951885237462108e+02
5.607234882852038572e+04 8.425271333321499867e+01 1.162829122320517996e+02
5.698437059469136148e+04 8.465948221584488920e+01 1.195545455861391133e+02
5.791122647641758522e+04 8.420772303376318746e+01 1.175175695305698440e+02
5.885315775191450666e+04 8.249981245857819090e+01 1.182656304106691181e+02
5.981040962380931887e+04 8.465112253785272856e+01 1.157778276229333727e+02
6.078323128297235962e+04 8.405243373666614559e+01 1.188321990409379652e+02
6.177187597338488558e+04 8.555590329625505319e+01 1.208590086014444012e+02
6.277660105806499632e+04 8.524277346377611764e+01 1.184201804825085418e+02
6.379766808606282575e+04 8.412209037134174139e+01 1.194792725832290046e+02
6.483534286054714175e+04 8.441591776756729359e+01 1.188104192026849972e+02
6.588989550799956487e+04 8.384980926076279673e+01 1.170861168585396115e+02
6.696160054853215115e+04 8.521640235063478030e+01 1.178673127481251299e+02
6.805073696735205885e+04 8.187989684639204313e+01 1.199997874828023328e+02
6.915758828738525335e+04 8.468243975524976008e+01 1.159256871025132369e+02
7.028244264308338461e+04 8.465780165068272822e+01 1.187073740641916828e+02
7.142559285543134320e+04 8.348437153227558838e+01 1.182643006019600307e+02
7.258733650817246235e+04 8.407858717730360354e+01 1.194046434892210442e+02
7.376797602527731215e+04 8.453443211562125725e+01 1.194171042348797727e+02
7.496781874966877513e+04 8.456896262972898626e+01 1.187792459155108276e+02
7.618717702322982950e+04 8.621310625436500175e+01 1.205401042075613276e+02
7.742636826811278297e+04 8.422340328205183368e+01 1.191910774106076758e+02
7.868571506936843798e+04 8.484186091965831622e+01 1.176704586784000952e+02
7.996554525892346282e+04 8.681024434315160931e+01 1.183830880731875510e+02
8.126619200091945822e+04 8.603333873072372739e+01 1.206425687173400689e+02
8.258799387844254670e+04 8.547882654835962057e+01 1.191506272983825738e+02
8.393129498166372650e+04 8.550835751036807153e+01 1.208050502582617867e+02
8.529644499741015898e+04 8.675539275137315087e+01 1.198229913877816983e+02
8.668379930019774474e+04 8.508932183883001699e+01 1.187779386967218613e+02
8.809371904473990435e+04 8.514878957391314884e+01 1.210128934822191695e+02
8.952657125996382092e+04 8.538570968353528201e+01 1.193074308359772431e+02
9.098272894455568166e+04 8.680192392537408352e+01 1.188449270896719128e+02
9.246257116405734268e+04 8.738385972400379842e+01 1.194694258420103239e+02
9.396648314954691159e+04 8.619049486470703414e+01 1.207372748739883832e+02
9.549485639791966241e+04 8.614898889711207630e+01 1.206613386379554527e+02
9.704808877380307240e+04 8.712137913004939094e+01 1.204567170043466859e+02
9.862658461312830332e+04 8.615138096206507612e+01 1.228058884688047527e+02
1.002307548283864307e+05 8.556566054065174853e+01 1.191352076432179672e+02
1.018610170155975211e+05 8.669585799461094666e+01 1.216503137189332620e+02
1.035177955630176293e+05 8.571310400583874411e+01 1.207046955485020874e+02
1.052015217616159061e+05 8.659996934340796315e+01 1.199881935328127867e+02
1.069126339173477172e+05 8.637836387639077884e+01 1.202043272795718565e+02
1.086515774652537220e+05 8.676490174386157150e+01 1.225365849656138550e+02
1.104188050854160247e+05 8.693906291330281988e+01 1.222113961280328738e+02
1.122147768207980262e+05 8.673100593073586140e+01 1.222481057173143597e+02
1.140399601970033109e+05 8.672008996036724682e+01 1.226206205600624628e+02
1.158948303439811862e+05 8.697039880444816617e+01 1.214289619597354175e+02
1.177798701197118062e+05 8.656195315562935377e+01 1.243220864275327244e+02
1.196955702359042771e+05 8.702860530782760407e+01 1.204665632854586477e+02
1.216424293857368029e+05 8.846996218846858540e+01 1.210994898438434291e+02
1.236209543736769119e+05 8.701406586769137164e+01 1.221746720728197317e+02
1.256316602474121464e+05 8.688747689688230480e+01 1.228739980147780244e+02
1.276750704319264478e+05 8.798981287323815081e+01 1.240813509765705476e+02
1.297517168657586881e+05 8.749897794798538087e+01 1.200107649624550561e+02
1.318621401394748536e+05 8.870794590719494011e+01 1.217130077551886558e+02
1.340068896363950626e+05 8.700725818100674758e+01 1.220182209147043011e+02
1.361865236756082741e+05 8.929772657215787035e+01 1.233827924139300620e+02
1.384016096573130053e+05 8.817483201891998590e+01 1.235728314382021296e+02
1.406527242105236510e+05 8.866200887326937163e+01 1.213869604782790645e+02
1.429404533431761083e+05 8.716922672197982536e+01 1.230715258859643768e+02
1.452653925946781237e+05 8.889807555384227555e+01 1.250419654965235452e+02
1.476281471909391112e+05 8.767769987395251974e+01 1.239067232000661534e+02
1.500293322019216721e+05 8.722681429585922785e+01 1.225280018815269187e+02
1.524695727017573081e+05 8.772085540465286613e+01 1.216946656332719101e+02
1.549495039314631722e+05 8.770609223039009805e+01 1.212142468966553963e+02
1.574697714643086656e+05 8.944282209865743027e+01 1.223635326098412435e+02
1.600310313738701807e+05 8.900621735742532792e+01 1.229979420925332221e+02
1.626339504048190720e+05 8.834420216797626324e+01 1.238458754632172969e+02
1.652792061464893923e+05 8.924138657114541218e+01 1.240155373976900535e+02
1.679674872092653241e+05 8.960151873554474378e+01 1.267037703048226263e+02
1.706994934038407810e+05 8.926886495814326850e+01 1.242292638101021964e+02
1.734759359233932628e+05 8.873066300298954445e+01 1.233813868968591123e+02
1.762975375287203933e+05 8.945023060336417586e+01 1.253901487203333858e+02
1.791650327363899560e+05 8.802349134954216936e+01 1.242329000331893241e+02
1.820791680099462392e+05 8.843226224931760271e+01 1.236579430503373516e+02
1.850407019542302005e+05 8.819913752115495242e+01 1.244002636117287608e+02
1.880504055128583568e+05 9.043572437343355830e+01 1.230578969956930848e+02
1.911090621689136024e+05 8.851930574423715825e+01 1.243040029930109256e+02
1.942174681489024370e+05 8.738182295024401469e+01 1.253122066516786930e+02
1.973764326300255489e+05 8.672734251168159858e+01 1.237362060739184244e+02
2.005867779508233943e+05 8.779331531105199815e+01 1.252349638856427845e+02
2.038493398252464249e+05 8.907724476580099804e+01 1.235743134635718548e+02
2.071649675602066854e+05 8.867433603861847757e+01 1.244346701940695965e+02
2.105345242766703886e+05 9.001731033843974217e+01 1.258537547839604116e+02
2.139588871343421633e+05 8.869012881107028079e+01 1.256502877566509540e+02
2.174389475600080041e+05 9.037901146843783806e+01 1.254088995932033583e+02
2.209756114795903268e+05 9.086945734600017488e+01 1.245044022213006230e+02
2.245697995539771800e+05 8.851650837750268863e+01 1.250656537651885856e+02
2.282224474186896114e+05 8.972846108629521211e+01 1.258747619571253722e+02
2.319345059274427476e+05 8.891935713047458023e+01 1.231372685383482946e+02
2.357069413996727671e+05 9.071862032905741557e+01 1.250408691678584319e+02
2.395407358720879420e+05 8.997091254618555922e+01 1.258383817880911693e+02
2.434368873543113004e+05 8.956670340440314249e+01 1.245588269818422447e+02
2.473964100886811502e+05 8.953929584058995772e+01 1.287892746594160656e+02
2.514203348142796603e+05 8.832066677595641124e+01 1.254382223037340651e+02
2.555097090352507075e+05 9.042485130531164828e+01 1.277812980090426578e+02
2.596655972934872552e+05 9.004247243462788219e+01 1.259527456723065910e+02
2.638890814457513043e+05 9.083175257213949294e+01 1.271013417041375817e+02
2.681812609453012701e+05 9.075929621652761625e+01 1.253440279375668069e+02
2.725432531281028059e+05 8.951969322930143846e+01 1.248627179593333238e+02
2.769761935036890791e+05 9.125003130562285492e+01 1.264669552696940684e+02
2.814812360507581034e+05 8.979265308267756041e+01 1.249767625311497596e+02
2.860595535175745026e+05 8.882842773574041928e+01 1.267107781102500326e+02
2.907123377272575162e+05 9.106902805229535147e+01 1.255463187122296347e+02
2.954407998880379600e+05 8.917083935008311357e+01 1.272125871471343999e+02
3.002461709085549228e+05 9.039425349894759165e+01 1.267360877471417524e+02
3.051297017182870768e+05 9.117026934062947419e+01 1.265720979733226272e+02
3.100926635931929923e+05 9.075075482834004958e+01 1.285004043429262879e+02
3.151363484866475919e+05 9.214662443099670952e+01 1.281023364411756518e+02
3.202620693657650263e+05 9.004012796451789313e+01 1.278852204584984520e+02
3.254711605531848036e+05 9.165152572793803643e+01 1.287439122433259229e+02
3.307649780744242598e+05 9.208572500637352221e+01 1.288873205346883708e+02
3.361449000108768814e+05 9.052647460774446131e+01 1.267634469367954040e+02
3.416123268585525220e+05 9.089762595350707386e+01 1.295867998800952705e+02
3.471686818926559645e+05 8.978289982564548666e+01 1.265990012534130074e+02
3.528154115380882868e+05 9.211289958708795211e+01 1.279819544256140915e+02
3.585539857459816849e+05 9.182819646697751637e+01 1.280323345480880448e+02
3.643858983763548313e+05 9.232412240626126732e+01 1.286706305334979845e+02
3.703126675869923201e+05 9.072010802508623328e+01 1.281556761176661894e+02
3.763358362286532647e+05 9.119532256246908730e+01 1.293467063599608196e+02
3.824569722466999083e+05 9.079105308174997901e+01 1.289502956133628402e+02
3.886776690892667975e+05 9.130341383226402741e+01 1.256862120600966932e+02
3.949995461220646976e+05 9.232667716677215708e+01 1.288339052248739165e+02
4.014242490499317646e+05 9.021161018709452151e+01 1.283727316828725407e+02
4.079534503452448989e+05 9.317058156332373642e+01 1.296954621067818607e+02
4.145888496832911042e+05 9.221760618584889357e+01 1.303002009493843900e+02
4.213321743847288890e+05 9.173295235867119857e+01 1.286915235916225129e+02
4.281851798652415746e+05 9.134627496655204482e+01 1.283880465920634038e+02
4.351496500925045111e+05 9.239743617597753200e+01 1.298842767277389214e+02
4.422273980505897198e+05 9.138906653402590052e+01 1.286924434396460981e+02
4.494202662119141896e+05 9.263066282758857994e+01 1.293346908993402451e+02
4.567301270168746705e+05 9.266728322735426104e+01 1.288286322742555399e+02
4.641588833612782182e+05 9.238188696473439165e+01 1.315239623237785906e+02
4.717084690917012631e+05 9.253851662735615946e+01 1.294408635924552016e+02
4.793808495089106727e+05 9.516784843913140435e+01 1.306890330503336486e+02
4.871780218794631073e+05 9.343805338265765670e+01 1.275155130354356174e+02
4.951020159556351136e+05 9.273688725366842789e+01 1.282677428187608655e+02
5.031548945038056700e+05 9.249564301480616280e+01 1.304919222701491321e+02
5.113387538414321025e+05 9.362888588453817817e+01 1.308981882722355294e+02
5.196557243827657658e+05 9.307652330297700871e+01 1.316767162284952519e+02
5.281079711934330408e+05 9.477320767105513255e+01 1.285482339666464497e+02
5.366976945540476590e+05 9.277553252478797674e+01 1.299927489626913086e+02
5.454271305329835741e+05 9.369995107005911450e+01 1.296008392243555534e+02
5.542985515684663551e+05 9.307432747828799791e+01 1.283598018015577225e+02
5.633142670601351419e+05 9.254703165660961872e+01 1.285422707179073143e+02
5.724766239702178864e+05 9.227005156450445611e+01 1.320226284990897341e+02
5.817880074344935128e+05 9.370165680611107462e+01 1.292040275463016030e+02
5.912508413831881480e+05 9.266828459357853376e+01 1.297576479114291033e+02
6.008675891719680512e+05 9.298211226346529656e+01 1.291705612353055983e+02
6.106407542232036358e+05 9.326100444218522512e+01 1.309440182670212209e+02
6.205728806776501006e+05 9.301010599087436503e+01 1.308178911521614793e+02
6.306665540567405988e+05 9.085921715423076250e+01 1.312852545259913484e+02
6.409244019356457284e+05 9.463331636577376571e+01 1.319065500159460953e+02
6.513490946272795554e+05 9.241202705678236384e+01 1.329551447181913773e+02
6.619433458774387836e+05 9.328815452088191762e+01 1.306513741087980236e+02
6.727099135712336283e+05 9.495639084651054418e+01 1.287248676657362978e+02
6.836516004510239000e+05 9.257054313876892593e+01 1.319693554530642245e+02
6.947712548460239777e+05 9.458982767134509118e+01 1.302702324820230046e+02
7.060717714137765579e+05 9.402898421506851889e+01 1.331286520348309068e+02
7.175560918936921516e+05 9.526864623893416706e+01 1.331830316543028800e+02
7.292272058728312841e+05 9.466368617053375090e+01 1.316480639422809702e+02
7.410881515641569858e+05 9.527185352149007258e+01 1.325818273357244550e+02
7.531420165974375559e+05 9.316116517689270893e+01 1.295861356027759825e+02
7.653919388230155455e+05 9.524777436829214139e+01 1.310549283911553005e+02
7.778411071286482038e+05 9.463897757719044534e+01 1.313578997903745176e+02
7.904927622696420876e+05 9.387007758887507691e+01 1.333142745798108990e+02
8.033501977124734549e+05 9.272736783554078954e+01 1.312606507238340612e+02
8.164167604921471793e+05 9.505236630159637912e+01 1.317091978822779197e+02
8.296958520834915107e+05 9.439148223617418410e+01 1.325033752886575655e+02
8.431909292866251199e+05 9.434538890753604790e+01 1.320228441311697622e+02
8.569055051268347306e+05 9.546472546508590540e+01 1.332593673321995027e+02
8.708431497690724209e+05 9.461075736395294200e+01 1.338576057597156819e+02
8.850074914473438403e+05 9.456679671312006974e+01 1.316173948888174721e+02
8.994022174092053901e+05 9.551900922662861149e+01 1.328039077034943602e+02
9.140310748756222893e+05 9.456606046488184347e+01 1.314890919834707859e+02
9.288978720164498081e+05 9.610448939461630857e+01 1.342164207227781674e+02
9.440064789417603752e+05 9.518166518411928223e+01 1.353122165708581122e+02
9.593608287093146937e+05 9.402159814317812447e+01 1.333260395087395125e+02
9.749649183484095847e+05 9.536349007138056777e+01 1.329025217160769898e+02
9.908228099003786920e+05 9.448333230206810640e+01 1.330995976940155003e+02
1.006938631476027076e+06 9.381834112469974229e+01 1.345327000924614254e+02
1.023316578330244869e+06 9.407525010002289889e+01 1.351515641479643079e+02
1.039960913954120362e+06 9.690125731950492138e+01 1.348980198248617626e+02
1.056875971184805036e+06 9.639827319956968665e+01 1.347818201346202613e+02
1.074066153333432274e+06 9.556902222989698714e+01 1.342259984029031443e+02
1.091535935331391171e+06 9.637419425080379654e+01 1.341235830735236050e+02
1.109289864895222709e+06 9.563136377124975240e+01 1.352656747759347127e+02
1.127332563710487215e+06 9.749232906216958838e+01 1.344918666025058087e+02
1.145668728634872707e+06 9.788137004166793531e+01 1.370152840978961137e+02
1.164303132920875680e+06 9.635753149479066337e+01 1.372130082619437985e+02
1.183240627458377974e+06 9.659681621211720426e+01 1.349753526598665871e+02
1.202486142037412152e+06 9.640383633656205120e+01 1.353647221197753652e+02
1.222044686631488614e+06 9.688212049462703135e+01 1.361518398522219968e+02
1.241921352701784577e+06 9.830725764276613177e+01 1.342140902214524942e+02
1.262121314522546018e+06 9.761132917449162960e+01 1.388199709865521072e+02
1.282649830528059974e+06 9.614749138412804541e+01 1.347229548464324296e+02
1.303512244681508979e+06 9.729869023000240702e+01 1.337957328970164497e+02
1.324713987866117386e+06 9.668060426080992897e+01 1.376349239896941015e+02
1.346260579298910918e+06 9.706173956815132442e+01 1.380327554763378259e+02
1.368157627967470558e+06 9.649754343376869770e+01 1.367079655818127719e+02
1.390410834090069635e+06 9.627707461921556842e+01 1.372737897293307299e+02
1.413025990599533543e+06 9.795690543702228581e+01 1.361339610280038244e+02
1.436008984651260544e+06 9.809984146490192813e+01 1.350298567406267125e+02
1.459365799155757762e+06 9.704577485855024577e+01 1.366961957479133218e+02
1.483102514336102875e+06 9.799952350354641339e+01 1.403427387545562510e+02
1.507225309310755460e+06 9.895829881371477654e+01 1.375335873841037255e+02
1.531740463702079840e+06 9.886742170015708098e+01 1.351673977233054131e+02
1.556654359271062072e+06 9.744240638250252573e+01 1.387075923210834389e+02
1.581973481578601524e+06 9.900912235513214910e+01 1.374928957810374470e+02
1.607704421673821984e+06 9.902467222363966926e+01 1.376055142980520429e+02
1.633853877809860278e+06 9.946128408263307108e+01 1.374669689641626178e+02
1.660428657187529607e+06 9.874897555841231167e+01 1.381936544792280301e+02
1.687435677727375645e+06 9.847309158694433506e+01 1.393465766776046166e+02
1.714881969870540779e+06 9.992003234981218895e+01 1.381971159197538270e+02
1.742774678408917272e+06 9.926413569742092591e+01 1.395259874146464085e+02
1.771121064345086925e+06 1.000433310957514550e+02 1.413839261923986044e+02
1.799928506782476557e+06 9.903481053834487113e+01 1.380825365023658549e+02
1.829204504846293712e+06 9.973950117370361568e+01 1.392814599039601262e+02
1.858956679635688197e+06 9.764442458132097613e+01 1.384557870812921294e+02
1.889192776207664283e+06 9.844486134559954849e+01 1.393706780468711202e+02
1.919920665593282785e+06 1.009712976870641654e+02 1.393460645516418595e+02
1.951148346846616361e+06 1.009719869955511200e+02 1.398025840734508449e+02
1.982883949127071304e+06 9.977665578569897775e+01 1.413749009247285642e+02
2.015135733815558488e+06 9.971031593403189675e+01 1.416147624771246853e+02
2.047912096665083431e+06 1.017410853839525515e+02 1.397339165150526981e+02
2.081221569986337097e+06 1.011029317042163740e+02 1.393928784319989518e+02
2.115072824868794531e+06 1.025501584939602822e+02 1.399627721212949325e+02
2.149474673437980469e+06 1.005906881217590296e+02 1.402842021401074533e+02
2.184436071149428375e+06 1.011767081823631429e+02 1.409618174473323506e+02
2.219966119119952433e+06 9.969868345339853022e+01 1.379609061858378709e+02
2.256074066496859305e+06 1.004473521848017441e+02 1.406430183639712368e+02
2.292769312865648884e+06 1.011500802312451697e+02 1.410662588322485931e+02
2.330061410696924664e+06 1.000637645801684954e+02 1.440829775211421122e+02
2.367960067833078559e+06 1.006986723471163145e+02 1.428017532682942488e+02
2.406475150015421677e+06 1.015544992443891061e+02 1.427908650740297674e+02
2.445616683452444151e+06 1.042636451925292818e+02 1.442052811689856071e+02
2.485394857429798692e+06 1.021255044926018627e+02 1.447159087200606109e+02
2.525820026962784585e+06 1.018888532966970786e+02 1.435725808885703145e+02
2.566902715491951909e+06 1.007602460383595542e+02 1.422537913338438500e+02
2.608653617622550577e+06 1.026431511600303281e+02 1.440841280467292336e+02
2.651083601908536162e+06 1.029853938719082578e+02 1.421908276323648579e+02
2.694203713681882247e+06 1.024886637008868888e+02 1.445613547999386128e+02
2.738025177927857731e+06 1.031795670028089376e+02 1.432706788639872855e+02
2.782559402207125910e+06 1.027582014945402591e+02 1.425511909481035104e+02
2.827817979625343811e+06 1.021371133388917656e+02 1.428529070868493136e+02
2.873812691851063631e+06 1.026822934305181576e+02 1.425588501693659680e+02
2.920555512182745151e+06 1.035621555044023410e+02 1.433705145168837873e+02
2.968058608665602282e+06 1.028377220667858865e+02 1.415663949103627601e+02
3.016334347259197384e+06 1.052441235478846977e+02 1.444347339759777924e+02
3.065395295056529809e+06 1.045461396397675315e+02 1.420121508694035413e+02
3.115254223555484787e+06 1.052398087069444159e+02 1.412856877804870805e+02
3.165924111983520444e+06 1.041322223396470861e+02 1.447680474766827956e+02
3.217418150676371530e+06 1.053578644931085933e+02 1.451173770633487834e+02
3.269749744511767756e+06 1.037663974271482630e+02 1.425328550777136627e+02
3.322932516398975160e+06 1.047051557570242863e+02 1.457967682356816113e+02
3.376980310825088061e+06 1.036019810748992001e+02 1.435205060402456354e+02
3.431907197459042538e+06 1.050331556452708952e+02 1.457070851575196855e+02
3.487727474814177491e+06 1.027210227017877457e+02 1.461672007961416568e+02
3.544455673970435746e+06 1.052616073128844647e+02 1.467182089414501434e+02
3.602106562357073650e+06 1.059623614358034871e+02 1.442240996945027973e+02
3.660695147596898489e+06 1.054609638187636023e+02 1.482134259846565953e+02
3.720236681413066108e+06 1.031118152727113539e+02 1.461950060321097737e+02
3.780746663599349093e+06 1.053554747589286222e+02 1.453310816250583173e+02
3.842240846055061091e+06 1.048135467066941260e+02 1.446450059220614150e+02
3.904735236885563936e+06 1.058037157218877553e+02 1.481816381758272314e+02
3.968246104569477960e+06 1.050335488889387392e+02 1.459510538295732545e+02
4.032789982193705160e+06 1.043859319343901717e+02 1.472455682591412369e+02
4.098383671757261269e+06 1.066929215128864428e+02 1.491947290954579159e+02
4.165044248545185197e+06 1.055859496699078193e+02 1.456332184402472762e+02
4.232789065573552623e+06 1.055143445388857657e+02 1.478845830193591837e+02
4.301635758106790483e+06 1.052966239698766628e+02 1.454224572067128065e+02
4.371602248248502612e+06 1.048418008608506966e+02 1.473059307896106702e+02
4.442706749606883153e+06 1.053686605040414435e+02 1.490353817591415009e+02
4.514967772036101669e+06 1.064544631040968170e+02 1.477750079389953157e+02
4.588404126454761252e+06 1.065103390345914676e+02 1.472741615934233153e+02
4.663034929742726497e+06 1.068018858345574529e+02 1.472476239438572065e+02
4.738879609717651270e+06 1.067870616566598727e+02 1.499359395723613204e+02
4.815957910192350857e+06 1.049573479668338791e+02 1.474978985499553517e+02
4.894289896114531904e+06 1.068426184143360018e+02 1.460726361011342931e+02
4.973895958790067583e+06 1.066997340569624129e+02 1.479258620660012014e+02
5.054796821191235445e+06 1.056669715228121049e+02 1.479154279065488993e+02
5.137013543351339176e+06 1.083305787546788252e+02 1.473579458347493869e+02
5.220567527846975252e+06 1.086880418764853005e+02 1.513443629028356270e+02
5.305480525369574316e+06 1.063711014667201056e+02 1.495804457883296550e+02
5.391774640387505293e+06 1.071122017527371924e+02 1.500648246175925635e+02
5.479472336900281720e+06 1.063687357227153569e+02 1.487153707305959642e+02
5.568596444286408834e+06 1.077601744248536306e+02 1.475504414165976641e+02
5.659170163246242329e+06 1.073760974835199562e+02 1.483910814009940111e+02
5.751217071841613390e+06 1.079844457539825981e+02 1.482072797500073591e+02
5.844761131633637473e+06 1.089645334149701768e+02 1.498197255477219301e+02
5.939826693920350634e+06 1.078502463166521039e+02 1.532661967236351472e+02
6.036438506075863726e+06 1.091050133011462577e+02 1.524619494469964707e+02
6.134621717992505990e+06 1.099064008277682660e+02 1.526561438646987483e+02
6.234401888627863489e+06 1.098592927894064673e+02 1.508913349698188426e+02
6.335804992658253759e+06 1.098978452778930830e+02 1.489341579774143440e+02
6.438857427240412682e+06 1.085823734573520625e+02 1.518860235451351741e+02
6.543586018883229233e+06 1.086935961448125454e+02 1.518401610678822067e+02
6.650018030431118794e+06 1.077612876556350159e+02 1.527282540207851866e+02
6.758181168161110021e+06 1.087688621021921165e+02 1.505044952173504669e+02
6.868103588995307684e+06 1.109263763270201935e+02 1.516626638900646356e+02
6.979813907830652781e+06 1.103713110203754439e+02 1.511058608679994393e+02
7.093341204987989739e+06 1.107016191276055395e+02 1.499585244435794493e+02
7.208715033782135695e+06 1.093235109329090591e+02 1.506511289205893718e+02
7.325965428215229884e+06 1.104751776635454377e+02 1.514625339573480574e+02
7.445122910795142874e+06 1.114927257718562004e+02 1.519211095739827897e+02
7.566218500481047668e+06 1.093394427526075532e+02 1.523150420286107760e+02
7.689283720758305863e+06 1.104947918618156422e+02 1.526059476803736175e+02
7.814350607844541781e+06 1.103328524570492846e+02 1.539305545986175616e+02
7.941451719029339962e+06 1.101385387854774223e+02 1.550594812779347649e+02
8.070620141149506904e+06 1.112055961769767549e+02 1.533326362686401865e+02
8.201889499202211387e+06 1.096145462706111999e+02 1.548882069055520390e+02
8.335293965098187327e+06 1.098006592554927465e+02 1.559686509356668580e+02
8.470868266557402909e+06 1.114004219312046615e+02 1.545032010444816706e+02
8.608647696149244905e+06 1.110704619943872302e+02 1.535631881285422367e+02
8.748668120479913428e+06 1.096973755846534857e+02 1.541234571800716253e+02
8.890965989529166371e+06 1.106440033120292696e+02 1.540467561403834793e+02
9.035578346138920635e+06 1.097627261318879874e+02 1.568828289957054380e+02
9.182542835656281561e+06 1.109356667971511996e+02 1.563487851157695445e+02
9.331897715733239427e+06 1.134473061705398891e+02 1.558426296625091254e+02
9.483681866285927594e+06 1.118996860020528032e+02 1.528697210136965907e+02
9.637934799615794793e+06 1.125329703125241991e+02 1.560513587714388564e+02
9.794696670695384964e+06 1.121484886640101593e+02 1.554673314612637967e+02
9.954008287621518597e+06 1.128860467941516390e+02 1.554760932386770662e+02
1.011591112223829702e+07 1.126268645941096764e+02 1.557731691583852012e+02
1.028044732093309797e+07 1.125030908318303915e+02 1.579663230222419941e+02
1.044765971560805291e+07 1.131147457431614356e+02 1.577836616968003796e+02
1.061759183482998982e+07 1.129992155402152321e+02 1.557886659848996658e+02
1.079028791516183689e+07 1.116000162093643837e+02 1.565005652067575284e+02
1.096579291267809831e+07 1.146012566049165144e+02 1.560041430471311514e+02
1.114415251466788165e+07 1.142143621889775886e+02 1.586676040803214391e+02
1.132541315152812563e+07 1.122298867514043792e+02 1.558313244773985389e+02
1.150962200885031186e+07 1.124143784201452405e+02 1.570134430518951092e+02
1.169682703970384598e+07 1.151537883601154846e+02 1.568741455373601354e+02
1.188707697711903229e+07 1.136556345111921047e+02 1.595505299616298487e+02
1.208042134677328914e+07 1.147151792261814762e+02 1.580313932846821956e+02
1.227691047988360375e+07 1.139794502169656312e+02 1.566802301707629397e+02
1.247659552630868554e+07 1.133859988161280086e+02 1.577179883403046290e+02
1.267952846786434017e+07 1.126297217005596991e+02 1.578359008418233032e+02
1.288576213185518049e+07 1.155750317808247871e+02 1.571589911897104912e+02
1.309535020482667722e+07 1.158893381400216214e+02 1.568217394170115710e+02
1.330834724654076062e+07 1.131879876425746403e+02 1.586376750614421667e+02
1.352480870417873934e+07 1.146803936226974230e+02 1.581280378378805551e+02
1.374479092677536607e+07 1.129734692384131449e+02 1.606514175771352200e+02
1.396835117988739721e+07 1.150701919309725696e+02 1.597077120281063287e+02
1.419554766050101630e+07 1.148419254601310087e+02 1.595432032472917001e+02
1.442643951218158752e+07 1.159869937972149927e+02 1.588692139021510741e+02
1.466108684046982974e+07 1.148517410027259444e+02 1.598739436770648865e+02
1.489955072852853686e+07 1.172514514742878475e+02 1.588940716162427975e+02
1.514189325304351933e+07 1.160577384690791973e+02 1.587897092734246201e+02
1.538817750038346462e+07 1.158449548767558497e+02 1.617932505338607427e+02
1.563846758302247711e+07 1.157134059255063363e+02 1.576988709794127033e+02
1.589282865622976422e+07 1.176678069749934252e+02 1.616742898243228979e+02
1.615132693503089622e+07 1.170814886415517577e+02 1.627540451532534007e+02
1.641402971144466475e+07 1.167173042471214330e+02 1.620562842917520356e+02
1.668100537200059183e+07 1.168960188924828856e+02 1.603329136900439380e+02
1.695232341554121301e+07 1.146795282464761243e+02 1.636236556690334396e+02
1.722805447131392360e+07 1.174377725782585458e+02 1.620476787502468881e+02
1.750827031735723466e+07 1.167681491778305798e+02 1.602123053983440570e+02
1.779304389918577299e+07 1.188087229607817932e+02 1.613109425649217314e+02
1.808244934877951816e+07 1.171001026580341460e+02 1.643538263737988530e+02
1.837656200388172269e+07 1.167777875311356581e+02 1.619279319068745906e+02
1.867545842761074007e+07 1.181957917643742064e+02 1.604011419703296895e+02
1.897921642839099467e+07 1.180802099195263679e+02 1.616365164369524052e+02
1.928791508020777628e+07 1.173127061770404538e+02 1.649150939171236132e+02
1.960163474319185689e+07 1.183319202632746965e+02 1.631164054074709497e+02
1.992045708453871310e+07 1.186533478807833006e+02 1.635280523910887780e+02
2.024446509976801649e+07 1.177852597903930274e+02 1.622537815529402394e+02
2.057374313432911411e+07 1.181678760160520198e+02 1.621854983861568940e+02
2.090837690555749834e+07 1.185562499653728423e+02 1.647357469224430986e+02
2.124845352498883009e+07 1.199332182096279809e+02 1.639247108284294256e+02
2.159406152103567496e+07 1.202276163528708537e+02 1.645399620770469937e+02
2.194529086203311384e+07 1.186117502777581194e+02 1.635031744950178165e+02
2.230223297965936363e+07 1.188071575065727501e+02 1.641029389813845114e+02
2.266498079273692891e+07 1.196568753545281396e+02 1.653573335244724660e+02
2.303362873142131418e+07 1.194776093178005993e+02 1.640092157586200017e+02
2.340827276178294420e+07 1.184195542392128147e+02 1.641395811211536397e+02
2.378901041078890860e+07 1.188411758925427222e+02 1.651170656857054837e+02
2.417594079169128463e+07 1.198002486653799536e+02 1.649040055663065232e+02
2.456916462982790172e+07 1.178715238211214853e+02 1.662418298815408377e+02
2.496878428884326667e+07 1.205715441919011823e+02 1.677392980913400606e+02
2.537490379733571783e+07 1.198417092601503100e+02 1.669948364317768039e+02
2.578762887593803555e+07 1.209565150186047759e+02 1.668873239182472332e+02
2.620706696483849734e+07 1.207619713338166889e+02 1.654715127784012907e+02
2.663332725174980611e+07 1.208202328258756495e+02 1.677919379111464195e+02
2.706652070033241436e+07 1.207457200561300539e+02 1.658456958941421249e+02
2.750676007908067480e+07 1.227715537057007538e+02 1.678880333027727545e+02
2.795415999067859352e+07 1.208899760257242377e+02 1.651609144548640984e+02
2.840883690183301270e+07 1.209529007698977523e+02 1.683188986127181010e+02
2.887090917359234765e+07 1.198472051138892454e+02 1.695065834329255949e+02
2.934049709215787053e+07 1.218253301308351411e+02 1.664197578687936527e+02
2.981772290019673482e+07 1.231679573740622828e+02 1.701767825485980268e+02
3.030271082866399363e+07 1.239516941155379754e+02 1.680682585999599610e+02
3.079558712914223224e+07 1.217650755509469604e+02 1.684909714717924771e+02
3.129648010670750588e+07 1.214446663360792655e+02 1.642609491748084167e+02
3.180552015332919732e+07 1.232469742645912731e+02 1.669849172944148279e+02
3.232283978181380779e+07 1.223018996470313624e+02 1.672921568517532194e+02
3.284857366030047089e+07 1.225590024956730275e+02 1.669669765686231813e+02
3.338285864731757715e+07 1.210602131133929902e+02 1.692490578158266317e+02
3.392583382740991563e+07 1.228712516788274911e+02 1.714996598630334290e+02
3.447764054734463990e+07 1.216168238929194700e+02 1.677082892337163287e+02
3.503842245290675759e+07 1.244676486600623804e+02 1.686652730706782108e+02
3.560832552629281580e+07 1.219503323161819992e+02 1.688864729119433150e+02
3.618749812411276996e+07 1.229242762282204211e+02 1.714134065262049944e+02
3.677609101601030678e+07 1.219959679349135939e+02 1.716318469145660117e+02
3.737425742391064018e+07 1.226355739321161167e+02 1.716610020920945487e+02
3.798215306190736592e+07 1.232584107820786841e+02 1.695618067314564996e+02
3.859993617679771036e+07 1.261116234783751793e+02 1.711936082273080615e+02
3.922776758927715570e+07 1.231504256087727356e+02 1.697495966798090876e+02
3.986581073580438644e+07 1.235532276922648407e+02 1.694425902661981809e+02
4.051423171114647388e+07 1.237923464330554992e+02 1.701406215318104387e+02
4.117319931161679327e+07 1.224362079957018636e+02 1.713079978386295750e+02
4.184288507901584357e+07 1.254460712283501209e+02 1.745356509757213246e+02
4.252346334528677911e+07 1.261207415330647166e+02 1.742738555507810929e+02
4.321511127789761871e+07 1.235443269455386712e+02 1.715673031965471580e+02
4.391800892596086115e+07 1.244694398705824767e+02 1.720524554406649145e+02
4.463233926710397005e+07 1.247593487398691821e+02 1.717413029354507898e+02
4.535828825510191172e+07 1.255885196533697865e+02 1.750265263172758239e+02
4.609604486828429252e+07 1.249288009690742882e+02 1.729202792195308689e+02
4.684580115873045474e+07 1.238975821361352700e+02 1.744074338453718838e+02
4.760775230226368457e+07 1.248656208269435410e+02 1.733135984279858235e+02
4.838209664925957471e+07 1.250526245413764599e+02 1.739397441862801941e+02
4.916903577628031373e+07 1.250526413503498873e+02 1.747445812053290410e+02
4.996877453854878992e+07 1.246550976302417411e+02 1.747703411057605649e+02
5.078152112327670306e+07 1.254932568537070665e+02 1.747216000624393928e+02
5.160748710385907441e+07 1.288990738204639683e+02 1.754462025776106202e+02
5.244688749495118856e+07 1.266479898280695551e+02 1.738416901155300991e+02
5.329994080844093114e+07 1.272633509247143451e+02 1.744198207352425527e+02
5.416686911033146828e+07 1.243335884156465596e+02 1.760767122177507247e+02
5.504789807854967564e+07 1.247551709924479724e+02 1.730226081196826158e+02
5.594325706169377267e+07 1.287341074199472075e+02 1.744017080736169021e+02
5.685317913873753697e+07 1.279059716026678188e+02 1.728582570789477018e+02
5.777790117970506847e+07 1.251097970027170021e+02 1.733468338843467222e+02
5.871766390733249485e+07 1.263449236127275270e+02 1.736136390961543725e+02
5.967271195973310620e+07 1.282190305353761346e+02 1.766822937302372338e+02
6.064329395408061892e+07 1.284621386170966559e+02 1.751214242547836477e+02
6.162966255132941902e+07 1.282559541729641808e+02 1.769335514340842508e+02
6.263207452198692411e+07 1.275440160025670764e+02 1.768338360300343481e+02
6.365079081295564771e+07 1.284086066269360629e+02 1.783417959341827839e+02
6.468607661546320468e+07 1.276951071089812757e+02 1.752225186995559341e+02
6.573820143409585208e+07 1.270970768992889646e+02 1.768111841377752853e+02
6.680743915695614368e+07 1.302737247217308436e+02 1.771038285382294930e+02
6.789406812696112692e+07 1.285075516526770230e+02 1.765181256525758613e+02
6.899837121430011094e+07 1.270319488335461813e+02 1.762167210883930863e+02
7.012063589007176459e+07 1.294768885374194269e+02 1.792436420684600762e+02
7.126115430111745000e+07 1.293134510916322597e+02 1.775188514686402925e+02
7.242022334607315063e+07 1.287265962336151972e+02 1.782558979307325728e+02
7.359814475265771151e+07 1.287854403800249656e+02 1.780814254622726196e+02
7.479522515621814132e+07 1.290520214090711875e+02 1.786793600902825858e+02
7.601177617955322564e+07 1.283210559980593928e+02 1.793881402645189951e+02
7.724811451403400302e+07 1.313295229976833411e+02 1.774501742855530608e+02
7.850456200204509497e+07 1.301518045656268612e+02 1.767799488762435089e+02
7.978144572076629102e+07 1.316573925420971420e+02 1.793055529907685184e+02
8.107909806731678545e+07 1.308352801505316165e+02 1.781017316351108661e+02
8.239785684528511763e+07 1.319731167015376343e+02 1.791668777544640534e+02
8.373806535266488791e+07 1.302116612132319915e+02 1.789310011374662679e+02
8.510007247122246027e+07 1.329714564172103053e+02 1.817309024461991669e+02
8.648423275731725991e+07 1.294102733239757015e+02 1.823265573005604949e+02
8.789090653419964015e+07 1.285774599027461704e+02 1.818335570787407107e+02
8.932045998580959439e+07 1.327151319398891189e+02 1.823365351156039367e+02
9.077326525210224092e+07 1.313996427293489262e+02 1.832796587029971249e+02
9.224970052592174709e+07 1.305763023878874662e+02 1.799025182866030548e+02
9.375015015145289898e+07 1.316089525927367561e+02 1.838356916725968802e+02
9.527500472427299619e+07 1.323872223476547276e+02 1.791286675198890350e+02
9.682466119303114712e+07 1.305389206600024465e+02 1.817619602259207170e+02
9.839952296278226376e+07 1.302617854969027178e+02 1.810343859503120143e+02
1.000000000000000000e+08 1.332072975141371103e+02 1.827178402458238224e+02
