# 1000 rows, 3 columns : energy (GeV), meson, baryon sigma (mb)
1.000000000000000000e+01 1.036536136658215582e+03 1.434281273817916826e+03
1.016265089392994625e+01 1.029968579368969586e+03 1.441771612598925913e+03
1.032794731918951392e+01 1.041856630776709608e+03 1.446089976723645805e+03
1.049593230558227752e+01 1.038264025790708956e+03 1.447805836723331822e+03
1.066664958279539377e+01 1.033502689150191827e+03 1.454659112362424594e+03
1.084014359178330977e+01 1.029157293732333301e+03 1.452857467096711844e+03
1.101645949633656407e+01 1.043144350920620809e+03 1.444567374100406596e+03
1.119564319483878201e+01 1.022417067176707860e+03 1.451451653443999476e+03
1.137774133221491368e+01 1.040207265176943793e+03 1.453640648908863795e+03
1.156280131207375916e+01 1.034611075428679442e+03 1.442149534491649320e+03
1.175087130904807609e+01 1.041636017433321513e+03 1.439814575701597050e+03
1.194200028133531966e+01 1.036623371276113858e+03 1.433299581609457164e+03
1.213623798344240612e+01 1.032431719002126329e+03 1.455896717071267631e+03
1.233363497913775930e+01 1.032664090247832746e+03 1.452606232492666095e+03
1.253424265461400111e+01 1.038625467753320436e+03 1.447516121553245057e+03
1.273811323186478539e+01 1.035805453647820286e+03 1.447536887067472435e+03
1.294529978227915379e+01 1.041120728521697629e+03 1.455687193092172265e+03
1.315585624045704449e+01 1.033959512588350890e+03 1.428740364548782054e+03
1.336983741824946570e+01 1.041328655793362032e+03 1.445265541047085662e+03
1.358729901902709791e+01 1.034416720527622374e+03 1.450101632468235948e+03
1.380829765218092398e+01 1.031783453033777278e+03 1.450505646754591226e+03
1.403289084785872376e+01 1.034593403364679261e+03 1.444912993574497932e+03
1.426113707194128999e+01 1.035289431060104562e+03 1.449600279736459242e+03
1.449309574126216660e+01 1.027145844638151857e+03 1.459855370510652847e+03
1.472882723907502545e+01 1.037406284310879300e+03 1.456197697827149796e+03
1.496839293077255562e+01 1.031033076003605174e+03 1.453396821981171797e+03
1.521185517986104863e+01 1.033107162708133274e+03 1.458294915646654545e+03
1.545927736419477760e+01 1.044377660055617980e+03 1.429787967748079836e+03
1.571072389247450474e+01 1.034296649946832531e+03 1.450379996542824983e+03
1.596626022101425946e+01 1.038466932827501523e+03 1.458951959117555134e+03
1.622595287078087267e+01 1.039976028121433501e+03 1.454196340763132866e+03
1.648986944471064930e+01 1.045498162310907219e+03 1.454169627903745777e+03
1.675807864530768043e+01 1.034609755883348498e+03 1.445621375816522914e+03
1.703065029252844198e+01 1.031147139262952578e+03 1.453383287228155723e+03
1.730765534195725053e+01 1.041307488812888096e+03 1.449314413192325446e+03
1.758916590327732621e+01 1.040939417357618595e+03 1.456005570982330937e+03
1.787525525904235479e+01 1.036505919312607830e+03 1.452708611213334734e+03
1.816599788375327762e+01 1.034860835728179154e+03 1.458686525297249545e+03
1.846146946324547500e+01 1.033082458452860692e+03 1.460373790425989455e+03
1.876174691439120323e+01 1.041595211092779209e+03 1.451182631465317627e+03
1.906690840512251839e+01 1.027809465864765798e+03 1.453306500440610534e+03
1.937703337477988796e+01 1.036345690196445048e+03 1.449877840948179482e+03
1.969220255479172366e+01 1.040797860071554396e+03 1.473241053596515258e+03
2.001249798969037030e+01 1.035140104849081808e+03 1.452731434923466168e+03
2.033800305846980905e+01 1.042499759262751013e+03 1.451519425872014608e+03
2.066880249629081945e+01 1.036930534222780125e+03 1.453942357677128257e+03
2.100498241653915343e+01 1.045936992471994472e+03 1.466381990504926080e+03
2.134663033324244452e+01 1.041561377271777019e+03 1.455881828586165966e+03
2.169383518385184217e+01 1.044876807773843666e+03 1.467764717739313255e+03
2.204668735239408761e+01 1.039901243944037788e+03 1.453365223289705227e+03
2.240527869300018082e+01 1.035016232834593211e+03 1.449255308574101718e+03
2.276970255381679920e+01 1.054098294618020645e+03 1.452675176265544678e+03
2.314005380130652867e+01 1.038434444116883242e+03 1.467493157378345586e+03
2.351642884494348706e+01 1.047711713780765876e+03 1.456226539565639541e+03
2.389892566231050353e+01 1.038653279814253892e+03 1.465871714078474724e+03
2.428764382460450477e+01 1.034594267703901778e+03 1.469783582229167905e+03
2.468268452255692580e+01 1.045484332159846190e+03 1.479104617145495467e+03
2.508415059277539783e+01 1.049779316753216108e+03 1.470709601861827196e+03
2.549214654451423101e+01 1.042611888026706538e+03 1.467046245850331843e+03
2.590677858688008683e+01 1.039038780181512266e+03 1.461555090702976713e+03
2.632815465648021203e+01 1.047490976875022852e+03 1.454721211174520704e+03
2.675638444552045314e+01 1.051148510299253076e+03 1.453060135137553516e+03
2.719157943036017500e+01 1.048385766929813144e+03 1.467702272730913137e+03
2.763385290053169996e+01 1.047059165586049630e+03 1.463065816379063563e+03
2.808331998823172526e+01 1.055646238025477032e+03 1.458924701206754207e+03
2.854009769829238863e+01 1.047103292702763156e+03 1.459329527249582725e+03
2.900430493863991543e+01 1.043611135655106636e+03 1.467552387083453368e+03
2.947606255124857100e+01 1.044297725697953183e+03 1.467832123254588396e+03
2.995549334359813187e+01 1.047799168383118968e+03 1.469318808814837894e+03
3.044272212064302607e+01 1.043389846962287493e+03 1.473118522697104709e+03
3.093787571730138453e+01 1.047668200133059599e+03 1.462542267279592579e+03
3.144108303147264749e+01 1.036953410597677703e+03 1.475482630715043797e+03
3.195247505759212103e+01 1.050704291854224493e+03 1.456738210865509473e+03
3.247218492073128715e+01 1.047703858401569505e+03 1.462089772586430854e+03
3.300034791125285238e+01 1.051115394877894232e+03 1.466719367026874352e+03
3.353710152002930300e+01 1.044372446592678671e+03 1.478774987568938059e+03
3.408258547423452001e+01 1.056334069831521219e+03 1.470628245267030707e+03
3.463694177371732508e+01 1.047191680275182080e+03 1.474045555624372810e+03
3.520031472796679139e+01 1.050211478147537946e+03 1.469722078814050064e+03
3.577285099367873755e+01 1.060886943995796400e+03 1.480377141879089322e+03
3.635469961293319585e+01 1.044546331483929634e+03 1.471083092141629550e+03
3.694601205199302285e+01 1.060796352688317938e+03 1.480086515533087095e+03
3.754694224073336528e+01 1.052505631328614982e+03 1.466485021386599783e+03
3.815764661271248315e+01 1.046630447830309322e+03 1.464894227539922895e+03
3.877828414589457395e+01 1.055538264335471922e+03 1.466511388883380050e+03
3.940901640403449591e+01 1.056468529282955387e+03 1.461656506989355194e+03
4.005000757873611406e+01 1.059976142929643629e+03 1.484746782986525204e+03
4.070142453219438750e+01 1.051545301955153718e+03 1.488052217992797296e+03
4.136343684063273685e+01 1.052070888387356945e+03 1.472131124975999001e+03
4.203621683844713885e+01 1.053283544458493679e+03 1.463437141457801545e+03
4.271993966306779100e+01 1.051630095042745552e+03 1.473426883348076217e+03
4.341478330055092272e+01 1.047342082527606863e+03 1.476204875799037836e+03
4.412092863191190162e+01 1.062988600139950222e+03 1.485627683099403612e+03
4.483855948021186322e+01 1.064615707136533047e+03 1.476792656590128900e+03
4.556786265841063965e+01 1.049491804604734853e+03 1.477318838211579987e+03
4.630902801799739166e+01 1.052709576608569023e+03 1.471858360183565765e+03
4.706224849841281355e+01 1.056967243759135044e+03 1.473719184469920265e+03
4.782772017727485547e+01 1.054878360485391568e+03 1.478342747714537609e+03
4.860564232142133534e+01 1.060803481275630020e+03 1.484378112735345667e+03
4.939621743878320359e+01 1.060862380364451610e+03 1.491272794949117724e+03
5.019965133110081723e+01 1.051961729521403413e+03 1.464179375934510972e+03
5.101615314749833630e+01 1.068375222496875267e+03 1.480173852608854986e+03
5.184593543892913203e+01 1.064038986404025309e+03 1.482035253350019048e+03
5.268921421350671608e+01 1.056960495203071332e+03 1.485675890795615260e+03
5.354620899273607648e+01 1.069236679001937773e+03 1.487470704232743174e+03
5.441714286865889960e+01 1.053757440830133419e+03 1.476252641966703550e+03
5.530224256192899901e+01 1.068033845624445576e+03 1.478896167320970335e+03
5.620173848083187806e+01 1.067965231246882468e+03 1.489522625175742178e+03
5.711586478126432098e+01 1.067388931881216195e+03 1.471376977858366217e+03
5.804485942768977935e+01 1.063057065214243721e+03 1.485856662985633420e+03
5.898896425508496577e+01 1.065288454583880366e+03 1.491736563196263205e+03
5.994842503189408944e+01 1.063871104687684920e+03 1.493883960203069137e+03
6.092349152400711887e+01 1.070934685714193392e+03 1.489341886111223175e+03
6.191441755977844252e+01 1.060920995214284630e+03 1.489831469582728687e+03
6.292146109610344240e+01 1.062321839391625645e+03 1.482455637529035130e+03
6.394488428556942949e+01 1.070345262976552931e+03 1.502311704806560556e+03
6.498495354469888241e+01 1.068212978877626483e+03 1.488559996671456929e+03
6.604193962330305112e+01 1.065577837996795552e+03 1.491196645378090807e+03
6.711611767496283676e+01 1.059193205141210228e+03 1.506367981711059201e+03
6.820776732865685688e+01 1.064093564220871940e+03 1.480503856760868530e+03
6.931717276155407603e+01 1.058361897905652540e+03 1.492521965243997556e+03
7.044462277299037112e+01 1.080349662689247680e+03 1.491295613398853448e+03
7.159041085964888396e+01 1.064515752028355564e+03 1.495569510294041038e+03
7.275483529196229426e+01 1.071178071312650445e+03 1.506320515707913955e+03
7.393819919175865607e+01 1.066199940784282944e+03 1.484598110644736607e+03
7.514081061116969806e+01 1.077531510544910589e+03 1.500862776243287726e+03
7.636298261282242095e+01 1.080940507723680639e+03 1.488837034595751675e+03
7.760503335133570602e+01 1.075159967817363395e+03 1.498636524124136713e+03
7.886728615614151749e+01 1.084133332458331779e+03 1.502181780179654425e+03
8.015006961565404708e+01 1.074393460111164586e+03 1.490192065673583329e+03
8.145371766280744907e+01 1.071514519095036121e+03 1.510542346875593466e+03
8.277856966198471866e+01 1.086244271238172587e+03 1.505592624094344728e+03
8.412497049736118981e+01 1.071662182669470667e+03 1.499578124915256240e+03
8.549327066268379838e+01 1.072023437382345719e+03 1.513082537299230808e+03
8.688382635251184638e+01 1.081447617754538214e+03 1.501206191005661594e+03
8.829699955494092478e+01 1.076912646268492381e+03 1.493919112892457179e+03
8.973315814583520478e+01 1.072600623593749788e+03 1.500642842641274228e+03
9.119267598459298085e+01 1.075529799902302102e+03 1.509213866940618118e+03
9.267593301146878559e+01 1.071468527439823220e+03 1.492161481455764488e+03
9.418331534647951742e+01 1.073433765781098828e+03 1.521524622072789271e+03
9.571521538991865441e+01 1.077930238153310256e+03 1.519087690132128955e+03
9.727203192450537017e+01 1.080408565483247912e+03 1.502434281814811811e+03
9.885417021919573699e+01 1.080878848151013017e+03 1.507728073383655328e+03
1.004620421346813117e+02 1.076375933741555855e+03 1.507124176594469418e+03
1.020960662306046487e+02 1.075922766101987918e+03 1.501918753688085417e+03
1.037566678745185982e+02 1.079715208190940075e+03 1.506733035513250798e+03
1.054442793526168458e+02 1.078088238210268855e+03 1.501804817190513859e+03
1.071593399822671131e+02 1.069265102512902786e+03 1.510451199936138664e+03
1.089022962263730534e+02 1.076714956947350856e+03 1.498961998224695662e+03
1.106736018095973435e+02 1.090669333133409054e+03 1.499605854595457231e+03
1.124737178364751884e+02 1.088385318706434873e+03 1.508070420049987888e+03
1.143031129114478688e+02 1.079710862659832173e+03 1.518346223067552273e+03
1.161622632608501817e+02 1.088591034923731286e+03 1.503365326440246008e+03
1.180516528568805512e+02 1.081096242327528444e+03 1.518856376336273797e+03
1.199717735435884265e+02 1.086684116085016967e+03 1.522285122794815834e+03
1.219231251649110703e+02 1.084502232006899703e+03 1.519138814538683391e+03
1.239062156947915696e+02 1.078827393974751658e+03 1.534379012138829012e+03
1.259215613694150875e+02 1.083273532542801604e+03 1.511288048934115295e+03
1.279696868215941663e+02 1.097283460875312585e+03 1.505766450936810770e+03
1.300511252173409957e+02 1.092931895390154750e+03 1.515955256801508540e+03
1.321664183946605249e+02 1.088660249498263966e+03 1.504630667500169466e+03
1.343161170046015229e+02 1.096813488710060938e+03 1.513119955693153315e+03
1.365007806546013853e+02 1.085580649439628360e+03 1.511327621959561611e+03
1.387209780541620887e+02 1.084274581137932955e+03 1.521956421319825040e+03
1.409772871628967721e+02 1.091227884322963973e+03 1.529723526593323413e+03
1.432702953409830968e+02 1.089894928065591785e+03 1.537576950783850407e+03
1.456005995020648527e+02 1.087805601021485018e+03 1.521356331569384565e+03
1.479688062686396393e+02 1.077176545342582358e+03 1.532399662384128760e+03
1.503755321299738341e+02 1.101467585086950749e+03 1.517207218640345218e+03
1.528214036025870826e+02 1.091539084908687300e+03 1.517568220698028199e+03
1.553070573933460139e+02 1.087290704079102625e+03 1.520386259667759532e+03
1.578331405652116359e+02 1.088175771469398796e+03 1.529689146364809403e+03
1.604003107056819886e+02 1.094457227493971914e+03 1.522492850179730340e+03
1.630092360979741102e+02 1.097757666011288848e+03 1.525721554863222764e+03
1.656605958949915305e+02 1.091230379451596036e+03 1.539562271589344391e+03
1.683550802961202351e+02 1.098096520398776647e+03 1.540959719809462968e+03
1.710933907269013332e+02 1.089507237148741751e+03 1.533900804349219243e+03
1.738762400216250512e+02 1.104205792133142722e+03 1.515414948695643488e+03
1.767043526088946521e+02 1.102115824082363133e+03 1.532559608852607198e+03
1.795784647002096790e+02 1.092760083403687076e+03 1.527104950395615333e+03
1.824993244816152469e+02 1.096231842470867150e+03 1.520504227765680753e+03
1.854676923084697648e+02 1.098583212483293437e+03 1.538611433944013243e+03
1.884843409033795467e+02 1.098521786727180370e+03 1.544834584709199589e+03
1.915500555573527777e+02 1.083873139506594953e+03 1.543138449604874722e+03
1.946656343342263256e+02 1.096578038669964371e+03 1.542427204313923312e+03
1.978318882784164430e+02 1.102239628137688896e+03 1.549016480584773944e+03
2.010496416260496915e+02 1.096382891519114310e+03 1.535471590013224841e+03
2.043197320195270379e+02 1.098957871135845380e+03 1.542208136938403413e+03
2.076430107255774828e+02 1.099481985026817028e+03 1.548178566173320405e+03
2.110203428568596564e+02 1.102190628065910687e+03 1.538851151889784660e+03
2.144526075971667467e+02 1.099706830205092956e+03 1.553700712044740612e+03
2.179406984302953560e+02 1.098021637445991246e+03 1.531286456644962300e+03
2.214855233726359245e+02 1.112094232616375166e+03 1.535965600233440000e+03
2.250880052095461679e+02 1.106172699223939162e+03 1.534849397704883359e+03
2.287490817355703996e+02 1.112336247490766709e+03 1.525072354794606099e+03
2.324697059985647911e+02 1.110034890604685643e+03 1.527928056245522839e+03
2.362508465477945094e+02 1.108185485103842893e+03 1.554684928827567774e+03
2.400934876860651741e+02 1.101973554031206731e+03 1.551426941393459174e+03
2.439986297259550270e+02 1.110100345692127121e+03 1.524954108162638931e+03
2.479672892502159982e+02 1.100285878862503296e+03 1.551992019989338132e+03
2.520004993764092092e+02 1.101855784843374749e+03 1.542877948384142655e+03
2.560993100258456820e+02 1.111959506095050301e+03 1.541039092223787293e+03
2.602647881969004402e+02 1.097672987708212531e+03 1.549243199822187535e+03
2.644980182427719910e+02 1.109756869116733697e+03 1.537476827261533572e+03
2.688001021537607471e+02 1.112290564736991200e+03 1.570094517729172821e+03
2.731721598441376386e+02 1.107523542998086441e+03 1.548341514908289810e+03
2.776153294436797978e+02 1.111323661498865022e+03 1.557626336309218004e+03
2.821307675939470982e+02 1.121041041486905897e+03 1.554895152496467745e+03
2.867196497493769698e+02 1.112880335911460634e+03 1.547110977155743058e+03
2.913831704832788887e+02 1.113503841140443001e+03 1.550112103728465172e+03
2.961225437988034628e+02 1.110450595540972472e+03 1.550196946372783714e+03
3.009390034449721156e+02 1.111334691071689349e+03 1.555996540379405133e+03
3.058338032378431421e+02 1.115512920653138963e+03 1.556870980690777742e+03
3.108082173869063922e+02 1.112524035857403987e+03 1.570638472808728466e+03
3.158635408267819003e+02 1.106571393288224726e+03 1.568259869292908206e+03
3.210010895543171614e+02 1.113148687313701203e+03 1.565546500664072937e+03
3.262222009711670125e+02 1.123801458254740510e+03 1.565925891689942091e+03
3.315282342319423492e+02 1.118949072276011293e+03 1.555494864143263158e+03
3.369205705980266998e+02 1.102994863616870362e+03 1.553987261797174597e+03
3.424006137971425687e+02 1.115966243976607302e+03 1.558592705843027943e+03
3.479697903887691268e+02 1.118113196115223900e+03 1.560230579808789344e+03
3.536295501355043029e+02 1.111286766553071629e+03 1.567226610220240218e+03
3.593813663804625662e+02 1.120357420568480393e+03 1.568053689629392011e+03
3.652267364308175388e+02 1.124345752465824489e+03 1.561061895451222426e+03
3.711671819475766938e+02 1.115624573754032554e+03 1.567944641526255509e+03
3.772042493416997218e+02 1.117090512272951628e+03 1.572217693938031061e+03
3.833395101766601556e+02 1.118731941153510434e+03 1.549707584611832999e+03
3.895745615775501278e+02 1.111940025256205899e+03 1.552844897854505234e+03
3.959110266468458690e+02 1.113241068600691733e+03 1.571873871774277404e+03
4.023505548869293307e+02 1.123925559854091489e+03 1.575186768703046482e+03
4.088948226294864412e+02 1.117035077278877907e+03 1.565284191634066929e+03
4.155455334718875520e+02 1.109742849238539975e+03 1.572957534370398889e+03
4.223044187206672291e+02 1.116860353259377234e+03 1.567851669101878542e+03
4.291732378422157694e+02 1.124175128736037095e+03 1.567477160225364514e+03
4.361537789208005620e+02 1.121201478872258122e+03 1.574737731327898473e+03
4.432478591240400760e+02 1.132000455739753306e+03 1.555545488496220059e+03
4.504573251759458685e+02 1.126348100264445520e+03 1.580296051891690695e+03
4.577840538376616450e+02 1.128929422701714657e+03 1.579701801979723541e+03
4.652299523960189163e+02 1.122856687530151930e+03 1.572908694954526936e+03
4.727969591600390800e+02 1.120063357457642496e+03 1.578356993614081375e+03
4.804870439655134078e+02 1.130053165822052279e+03 1.569369186846933417e+03
4.883022086877879815e+02 1.125982166471384971e+03 1.579664574466792601e+03
4.962444877628913673e+02 1.129997218208026879e+03 1.578405584326347025e+03
5.043159487171358819e+02 1.123313712632812440e+03 1.583344573688507580e+03
5.125186927053332511e+02 1.135786338487431067e+03 1.571732481221891248e+03
5.208548550577665992e+02 1.133707222903479760e+03 1.576181784364627219e+03
5.293266058360561601e+02 1.138733139464352234e+03 1.573997281562644730e+03
5.379361503980697989e+02 1.128719446515051686e+03 1.591814231577813644e+03
5.466857299720180663e+02 1.130826051483062656e+03 1.585542447622784266e+03
5.555776222398877735e+02 1.135147532885174996e+03 1.590597882599458217e+03
5.646141419303672819e+02 1.131064458535181757e+03 1.584830869559397797e+03
5.737976414214133456e+02 1.126403802424751575e+03 1.589636080014257914e+03
5.831305113526218520e+02 1.141179255292928474e+03 1.583037312103583645e+03
5.926151812475552560e+02 1.132584546261368814e+03 1.582253566953831069e+03
6.022541201461928040e+02 1.139595023105701557e+03 1.598474287139656553e+03
6.120498372476703253e+02 1.138222384557833038e+03 1.579805556890303023e+03
6.220048825634711420e+02 1.140879539631097259e+03 1.586114523210727384e+03
6.321218475812448787e+02 1.128867229381696006e+03 1.584536667044555088e+03
6.424033659394191318e+02 1.130885985016953555e+03 1.596253283746647412e+03
6.528521141127847613e+02 1.135197899867177057e+03 1.587138211607302310e+03
6.634708121092351121e+02 1.130458951331429489e+03 1.575580560687919387e+03
6.742622241778342413e+02 1.138979651088635364e+03 1.600558106991119985e+03
6.852291595284057166e+02 1.141387675624245958e+03 1.592236263886053848e+03
6.963744730628221760e+02 1.150529954397454730e+03 1.603103457416194033e+03
7.077010661181889191e+02 1.143062485822284543e+03 1.601665725193780872e+03
7.192118872221193442e+02 1.131673717340587928e+03 1.605472645368388612e+03
7.309099328602910646e+02 1.136623752860533841e+03 1.595583946693879398e+03
7.427982482564910924e+02 1.136929673735816095e+03 1.588703124856282102e+03
7.548799281653431308e+02 1.137376434894750446e+03 1.602303278917799162e+03
7.671581176779302496e+02 1.149601875284135986e+03 1.606942816110076365e+03
7.796360130405237214e+02 1.149416448164431586e+03 1.594479266390459316e+03
7.923168624866253822e+02 1.136125325782083564e+03 1.594836028516816668e+03
8.052039670825470239e+02 1.152322543442480537e+03 1.590288005731359817e+03
8.183006815867389605e+02 1.152977789338769071e+03 1.595903200829424350e+03
8.316104153230961629e+02 1.141239231680412331e+03 1.583954910914387028e+03
8.451366330684721788e+02 1.153767483640369846e+03 1.586264915288797965e+03
8.588828559546249153e+02 1.142688393394608966e+03 1.604076226374252428e+03
8.728526623848371173e+02 1.141152643468621591e+03 1.618010202544944150e+03
8.870496889654402821e+02 1.141877505960214648e+03 1.601304297786997040e+03
9.014776314524917780e+02 1.142329180466940215e+03 1.600811951822718584e+03
9.161402457138520958e+02 1.153794373684570701e+03 1.605846939123700849e+03
9.310413487069075700e+02 1.139301724897072518e+03 1.609949590779423716e+03
9.461848194721992513e+02 1.145605511064796247e+03 1.609778373572674354e+03
9.615746001432095227e+02 1.141535006349619380e+03 1.626574432457248577e+03
9.772146969725724830e+02 1.166516150407178202e+03 1.622072808234157719e+03
9.931091813749800394e+02 1.151661666197802788e+03 1.609717557782292715e+03
1.009262190987047347e+03 1.154147797889182129e+03 1.620860396435814891e+03
1.025677930744421928e+03 1.151551669517216396e+03 1.622209135223034764e+03
1.042360673976401131e+03 1.153953780495327237e+03 1.616848902094775212e+03
1.059314763518370000e+03 1.157362237346278789e+03 1.614046849362194735e+03
1.076544612842315928e+03 1.157082360379460397e+03 1.607985733128971106e+03
1.094054707205742488e+03 1.159530787007125355e+03 1.613765260554660244e+03
1.111849604819271008e+03 1.161202779022157756e+03 1.622363652370523823e+03
1.129933938033221693e+03 1.151225684455618648e+03 1.610747018591059259e+03
1.148312414543511068e+03 1.155317101355911291e+03 1.621294945716745133e+03
1.166989818617147421e+03 1.157675834858158623e+03 1.605222580982831460e+03
1.185971012337669436e+03 1.156749004887132287e+03 1.621670130748215115e+03
1.205260936870842670e+03 1.153628359306737366e+03 1.616692229614550115e+03
1.224864613750930630e+03 1.150188802616204839e+03 1.616539689268818620e+03
1.244787146187906046e+03 1.158347827236102148e+03 1.623225766524214805e+03
1.265033720395903856e+03 1.167961364947069342e+03 1.642129280676529788e+03
1.285609606943295148e+03 1.154336811470340763e+03 1.613946012131671978e+03
1.306520162124721310e+03 1.156061528062273965e+03 1.644284463887186348e+03
1.327770829355428987e+03 1.157501843262108878e+03 1.627147199223567668e+03
1.349367140588306484e+03 1.163533789871151157e+03 1.632702838722764454e+03
1.371314717753945615e+03 1.162632595320212204e+03 1.613019936631743576e+03
1.393619274224142146e+03 1.166674180876892251e+03 1.631364852036718275e+03
1.416286616299198840e+03 1.166100982310021436e+03 1.638378824211426718e+03
1.439322644719406526e+03 1.169025601204255281e+03 1.621349851192488586e+03
1.462733356201129936e+03 1.170041479061326299e+03 1.632726406825583126e+03
1.486524844997857144e+03 1.160097424949046399e+03 1.633120611780716217e+03
1.510703304486654133e+03 1.167239464823253684e+03 1.618365839850411021e+03
1.535275028780422645e+03 1.159537474121386367e+03 1.643609963947627193e+03
1.560246414366369663e+03 1.175894133983146958e+03 1.625431776108375516e+03
1.585623961771137147e+03 1.167727470343685809e+03 1.630769468226028039e+03
1.611414277253019918e+03 1.159531304505970866e+03 1.636263627059160171e+03
1.637624074521687362e+03 1.167284517719747782e+03 1.635071235481135091e+03
1.664260176485903685e+03 1.177138050325102540e+03 1.638836488781181970e+03
1.691329517029648741e+03 1.178491721883228365e+03 1.633889512257702563e+03
1.718839142817145557e+03 1.174658076905124290e+03 1.645960341189492965e+03
1.746796215127245659e+03 1.169280874796923854e+03 1.642140251648367666e+03
1.775208011717634236e+03 1.172826379161922659e+03 1.628241480323483984e+03
1.804081928719382859e+03 1.175245589109221783e+03 1.643276736191147165e+03
1.833425482562290654e+03 1.175817530006770312e+03 1.642869298249780513e+03
1.863246311931559831e+03 1.185430541781196325e+03 1.644504483401120524e+03
1.893552179756295118e+03 1.175227769909591871e+03 1.653874210359717608e+03
1.924350975230330278e+03 1.177951858854987222e+03 1.642873068416387241e+03
1.955650715865948996e+03 1.178064713457669086e+03 1.643556411163463054e+03
1.987459549580983776e+03 1.171726032096562903e+03 1.656499112649664312e+03
2.019785756819878316e+03 1.176122463579623172e+03 1.649563243424670191e+03
2.052637752709252254e+03 1.191877604927566381e+03 1.661863083745844961e+03
2.086024089248502605e+03 1.186162686345802740e+03 1.655730254565623454e+03
2.119953457536071255e+03 1.176317912234017967e+03 1.652700967743962110e+03
2.154434690031884656e+03 1.176548329952899849e+03 1.658051669664097290e+03
2.189476762856620553e+03 1.185456859882888466e+03 1.645511603142022295e+03
2.225088798128369490e+03 1.169749489642934350e+03 1.640736054217111587e+03
2.261280066337277276e+03 1.177441034661595950e+03 1.665028384105072973e+03
2.298059988758850977e+03 1.180864847203381714e+03 1.651918020955723932e+03
2.335438139906479137e+03 1.178247793251988924e+03 1.664817008365348102e+03
2.373424250023866080e+03 1.189138236725887282e+03 1.650754137186413800e+03
2.412028207618006945e+03 1.184281980698852294e+03 1.651620907139510336e+03
2.451260062033337363e+03 1.184457136051378029e+03 1.652396127816093895e+03
2.491130026067788549e+03 1.192851636772551956e+03 1.662448753058484499e+03
2.531648478631355374e+03 1.187966577685597713e+03 1.671051419286380678e+03
2.572825967447932271e+03 1.197951160841840419e+03 1.673698919080575479e+03
2.614673211801092293e+03 1.183246660077308434e+03 1.659309400145803920e+03
2.657201105324504169e+03 1.184861818057682740e+03 1.653201657515682200e+03
2.700420718837772711e+03 1.180347089504250789e+03 1.657491435437621021e+03
2.744343303228365585e+03 1.183641521674244814e+03 1.657168514370795720e+03
2.788980292380439550e+03 1.188859705721237333e+03 1.644740714418399875e+03
2.834343306151309207e+03 1.187504062101473664e+03 1.665127753534907697e+03
2.880444153396297679e+03 1.191575122523199980e+03 1.675547075574747169e+03
2.927294835042815976e+03 1.186648842422029247e+03 1.657966287903556349e+03
2.974907547214440456e+03 1.196699817716919370e+03 1.661909986793861890e+03
3.023294684405776479e+03 1.186029726832415008e+03 1.651099722266591243e+03
3.072468842709003638e+03 1.181190601098513071e+03 1.672012684312106330e+03
3.122442823092857907e+03 1.198395654602702734e+03 1.668532133146985416e+03
3.173229634734976116e+03 1.193095490440426374e+03 1.673510090995822566e+03
3.224842498408442225e+03 1.199723122131023501e+03 1.669871352352853364e+03
3.277294849923382117e+03 1.188570045832121650e+03 1.663603356551770503e+03
3.330600343624588731e+03 1.202542155813523550e+03 1.667872532539863869e+03
3.384772855945982883e+03 1.187762539042999379e+03 1.663573544508458781e+03
3.439826489022924761e+03 1.202894158683684054e+03 1.668201887155638133e+03
3.495775574363275155e+03 1.199704261258373890e+03 1.683705189593842761e+03
3.552634676578139533e+03 1.198631265838864010e+03 1.677501061609636054e+03
3.610418597173337275e+03 1.192552780151784873e+03 1.670659022702118591e+03
3.669142378402494160e+03 1.199449087394310936e+03 1.666815502860383049e+03
3.728821307182833607e+03 1.199774868161694712e+03 1.680379375629163178e+03
3.789470919074667563e+03 1.211673986230042829e+03 1.686264737032873654e+03
3.851107002325568828e+03 1.195267817730090428e+03 1.674947720969709053e+03
3.913745601980383981e+03 1.207243145804230608e+03 1.660113363726446323e+03
3.977403024058036863e+03 1.192787985810771715e+03 1.681025202081927318e+03
4.042095839796305881e+03 1.207239313050050669e+03 1.675480049544450594e+03
4.107840889965646966e+03 1.204048935526863943e+03 1.676810064491332469e+03
4.174655289253134470e+03 1.199303409457622365e+03 1.689126290353990726e+03
4.242556430717777403e+03 1.202558289298292266e+03 1.684030969738437307e+03
4.311561990318228709e+03 1.199969494450480624e+03 1.688288792499752617e+03
4.381689931514189993e+03 1.200187967824455427e+03 1.693551113508999151e+03
4.452958509942655837e+03 1.206405543047808806e+03 1.676087474209190759e+03
4.525386278170166406e+03 1.203616730310845469e+03 1.680824572905059995e+03
4.598992090522438048e+03 1.214018075550057574e+03 1.686785145740872849e+03
4.673795107992463272e+03 1.207095801819346889e+03 1.695577542804687482e+03
4.749814803228499841e+03 1.209216519824249190e+03 1.689061328794660085e+03
4.827070965603183140e+03 1.204673311459831439e+03 1.684065397596201592e+03
4.905583706365045146e+03 1.208307540793872704e+03 1.680920853334296908e+03
4.985373463873893343e+03 1.213771213456021542e+03 1.693140307779971863e+03
5.066461008921268331e+03 1.200963372919082531e+03 1.692389029128713446e+03
5.148867450137492597e+03 1.213058741909658920e+03 1.682889441627638462e+03
5.232614239486661972e+03 1.204192446322157366e+03 1.693409554028270350e+03
5.317723177850972206e+03 1.212106591922740563e+03 1.695691867662702862e+03
5.404216420705914970e+03 1.206597529932280850e+03 1.695147073575298236e+03
5.492116483887789400e+03 1.214900392070161161e+03 1.700003157948843409e+03
5.581446249454960707e+03 1.202578150993225108e+03 1.690842944976745002e+03
5.672228971644543890e+03 1.211181798575977155e+03 1.702364302442755161e+03
5.764488282925879503e+03 1.217561539671857190e+03 1.696245769722895147e+03
5.858248200152535901e+03 1.232947227325174026e+03 1.692649010744486304e+03
5.953533130814370452e+03 1.209352132887566086e+03 1.709326852645039253e+03
6.050367879391218594e+03 1.218290435580766371e+03 1.687393388908698626e+03
6.148777653810023367e+03 1.207934625011871731e+03 1.717645617891132360e+03
6.248788072006894254e+03 1.213417382227961525e+03 1.704553201830910439e+03
6.350425168595961622e+03 1.211557084514339522e+03 1.698959613705315633e+03
6.453715401646702048e+03 1.218912480588834796e+03 1.693774142771252627e+03
6.558685659571428914e+03 1.224148756164040833e+03 1.701706065166002645e+03
6.665363268124913702e+03 1.204217024062823157e+03 1.705225750035393276e+03
6.773775997517751421e+03 1.218305004997206879e+03 1.709609139404566577e+03
6.883952069645496522e+03 1.217170436013140261e+03 1.718555494128663895e+03
6.995920165435374656e+03 1.219637921064551847e+03 1.701408613765653854e+03
7.109709432312431090e+03 1.221421495348502049e+03 1.711294515190264747e+03
7.225349491787213992e+03 1.219224188991601295e+03 1.698428901944859263e+03
7.342870447166765189e+03 1.224299892231251079e+03 1.701747273999178105e+03
7.462302891391107551e+03 1.221956149249491773e+03 1.698984324674074060e+03
7.583677914997190783e+03 1.235106712990166670e+03 1.701739061280657324e+03
7.707027114212295601e+03 1.222101698379508889e+03 1.703318458493944945e+03
7.832382599179196404e+03 1.224286142733056977e+03 1.704723183723925104e+03
7.959777002314986021e+03 1.221527394768935665e+03 1.710477696017412882e+03
8.089243486805938119e+03 1.226026657191475579e+03 1.722277798436828789e+03
8.220815755240540966e+03 1.219909996830472437e+03 1.700616068848247551e+03
8.354528058382862582e+03 1.222905711359489715e+03 1.708298924150933544e+03
8.490415204088747487e+03 1.231345467875883969e+03 1.714000414715568013e+03
8.628512566366895044e+03 1.220715071862421382e+03 1.718003481671266172e+03
8.768856094587426924e+03 1.216473003538497778e+03 1.723005047851903555e+03
8.911482322840201959e+03 1.219227280812781146e+03 1.711943223180730001e+03
9.056428379445294922e+03 1.225588578330808105e+03 1.699825337200828699e+03
9.203731996618220364e+03 1.227395122667431451e+03 1.708953320422574507e+03
9.353431520292386267e+03 1.226074950941310362e+03 1.728954054222111381e+03
9.505565920101191296e+03 1.241533607776558711e+03 1.706635135716157265e+03
9.660174799522645117e+03 1.232447179660535994e+03 1.714125110045272095e+03
9.817298406188840090e+03 1.220277816005990417e+03 1.725954566124004714e+03
9.976977642363201085e+03 1.229545546901201078e+03 1.712623618946688111e+03
1.013925407558814368e+04 1.220766157908223931e+03 1.733764183330438527e+03
1.030416994950587468e+04 1.229788691129509516e+03 1.725341634268668940e+03
1.047176819485520355e+04 1.241121525433569559e+03 1.717538582586088523e+03
1.064209244064724589e+04 1.242875250762615451e+03 1.729613041690233331e+03
1.081518702552289142e+04 1.225944784050152066e+03 1.721377496830585415e+03
1.099109700929496103e+04 1.242484301552698298e+03 1.721496172587637830e+03
1.116986818467822559e+04 1.227965341957753026e+03 1.715351710425379224e+03
1.135154708920999110e+04 1.226237502883441721e+03 1.717283060493536595e+03
1.153618101736478457e+04 1.240923771521795516e+03 1.734775062204470487e+03
1.172381803286599825e+04 1.227957115650905507e+03 1.728716735914716992e+03
1.191450698119774825e+04 1.224299941865785286e+03 1.731501736226327239e+03
1.210829750232039441e+04 1.235152328715302247e+03 1.730173909169856643e+03
1.230524004359261562e+04 1.225961781643743052e+03 1.726276749785006132e+03
1.250538587290391297e+04 1.242022855529826757e+03 1.737724992378642355e+03
1.270878709202059508e+04 1.227050035628214118e+03 1.727234753486560749e+03
1.291549665014882703e+04 1.246921705374964404e+03 1.738332603013751168e+03
1.312556835771842816e+04 1.235808775706939286e+03 1.734159822682683625e+03
1.333905690039058754e+04 1.231257885817045917e+03 1.720571273365207617e+03
1.355601785329368977e+04 1.238445643202137035e+03 1.725894939776989531e+03
1.377650769549054894e+04 1.232229498066287306e+03 1.727440863939451901e+03
1.400058382468096170e+04 1.230830860468360470e+03 1.723981054484654578e+03
1.422830457214351918e+04 1.239935451768952134e+03 1.727960643699017282e+03
1.445972921792019588e+04 1.253008269823741102e+03 1.742705883762215535e+03
1.469491800624817188e+04 1.232922955146612139e+03 1.730292481564817081e+03
1.493393216124253377e+04 1.246733707784022727e+03 1.748641770851225601e+03
1.517683390283403787e+04 1.239013676717092949e+03 1.728439959472082137e+03
1.542368646296627412e+04 1.238926267480343085e+03 1.738208573847676007e+03
1.567455410205595035e+04 1.248431707112089498e+03 1.739654418059647696e+03
1.592950212572123019e+04 1.240116431796134975e+03 1.747053909154051780e+03
1.618859690178199162e+04 1.250730232928388205e+03 1.748230889857564307e+03
1.645190587753660657e+04 1.244377496402358020e+03 1.745383148205229190e+03
1.671949759731991799e+04 1.245425981559187221e+03 1.742827974398701826e+03
1.699144172034625808e+04 1.242295318411133394e+03 1.724548145144267437e+03
1.726780903884355939e+04 1.245906621818162648e+03 1.731310977938483575e+03
1.754867149648152190e+04 1.250577354835262213e+03 1.735434962781530203e+03
1.783410220710006251e+04 1.254440850346219804e+03 1.752460844155636096e+03
1.812417547374239439e+04 1.253888639372015859e+03 1.741477892643819814e+03
1.841896680799710884e+04 1.249197884367889174e+03 1.735768826291957566e+03
1.871855294965579378e+04 1.252402748605377838e+03 1.744786315597317525e+03
1.902301188668945906e+04 1.253230289126530579e+03 1.763716362664691133e+03
1.933242287555043367e+04 1.248885471922985289e+03 1.760824194133715764e+03
1.964686646180448588e+04 1.245684814456247068e+03 1.767080634917513407e+03
1.996642450109793208e+04 1.256439323059049684e+03 1.736353376411547742e+03
2.029118018046678117e+04 1.245530628939511871e+03 1.747184579313025324e+03
2.062121803999144686e+04 1.259594229681199749e+03 1.757096066995568663e+03
2.095662399480430759e+04 1.258144371732018953e+03 1.749435987925547124e+03
2.129748535745523259e+04 1.246681787549870478e+03 1.756149880303328246e+03
2.164389086064020375e+04 1.258000692948425694e+03 1.760223478483946337e+03
2.199593068030074937e+04 1.253135741138830781e+03 1.753381846406098020e+03
2.235369645909796600e+04 1.250707086849206235e+03 1.756120320335039423e+03
2.271728133026902651e+04 1.250810909203103847e+03 1.753577502526765784e+03
2.308677994187172226e+04 1.253368356252313561e+03 1.751153984242368097e+03
2.346228848142262359e+04 1.256433665303785801e+03 1.756378429209605429e+03
2.384390470093720432e+04 1.257224318609063175e+03 1.759786963052285046e+03
2.423172794237600829e+04 1.257457616294742593e+03 1.740954639604702152e+03
2.462585916350543994e+04 1.259294346083791879e+03 1.739401753985604500e+03
2.502640096417921814e+04 1.265632537277322854e+03 1.752014017752905147e+03
2.543345761304648113e+04 1.264072683438922468e+03 1.772859950844879677e+03
2.584713507469563774e+04 1.262238532708206321e+03 1.769850396850162497e+03
2.626754103723838489e+04 1.258877804363226915e+03 1.743114049793035974e+03
2.669478494034317919e+04 1.257541486155414304e+03 1.773264154425348352e+03
2.712897800372470010e+04 1.255677242796313521e+03 1.766929203278241857e+03
2.757023325609582753e+04 1.262154550878019336e+03 1.758695658667717908e+03
2.801866556459195272e+04 1.264435130858622415e+03 1.763922391515922754e+03
2.847439166467247924e+04 1.257575382003322829e+03 1.744319751944858353e+03
2.893753019050947478e+04 1.255409016790831856e+03 1.751762211718272283e+03
2.940820170587066605e+04 1.264502577455772780e+03 1.768771276182111933e+03
2.988652873550382719e+04 1.253935141091001469e+03 1.767291142731217406e+03
3.037263579703311552e+04 1.250682361160578694e+03 1.772002618496686637e+03
3.086664943337274599e+04 1.248343939848610034e+03 1.765991912680987070e+03
3.136869824566873285e+04 1.256807084462602461e+03 1.762920393068098974e+03
3.187891292677649108e+04 1.268308079112983251e+03 1.765298041392900132e+03
3.239742629528195539e+04 1.249949213769299831e+03 1.755559006362074797e+03
3.292437333007768757e+04 1.265958901054769512e+03 1.778318632340948170e+03
3.345989120549974905e+04 1.273072394700394170e+03 1.765180453806397963e+03
3.400411932703702769e+04 1.259312691151689705e+03 1.762599910388149283e+03
3.455719936762142606e+04 1.258849453211124910e+03 1.781252068722720196e+03
3.511927530450727500e+04 1.268473987500217390e+03 1.762008405836349084e+03
3.569049345675229415e+04 1.278310029840080233e+03 1.773287258861385453e+03
3.627100252330648073e+04 1.269145171342906679e+03 1.772451436163343487e+03
3.686095362172154273e+04 1.270838564982857406e+03 1.780273431731927758e+03
3.746050032748997182e+04 1.267486104078930111e+03 1.773053819561357386e+03
3.806979871402284334e+04 1.276358572434552343e+03 1.778121304315166753e+03
3.868900739327975316e+04 1.264730587941272461e+03 1.776034462181382196e+03
3.931828755705770163e+04 1.259125085403051116e+03 1.770667653050953732e+03
3.995780301895265438e+04 1.269285672277933145e+03 1.793665060689295615e+03
4.060772025700369704e+04 1.261210431042578875e+03 1.780510630572315677e+03
4.126820845702951920e+04 1.269872048354184926e+03 1.770059460982741257e+03
4.193943955667185946e+04 1.260404620328295096e+03 1.764998996171584395e+03
4.262158829015324591e+04 1.266965297088870329e+03 1.783194118429976697e+03
4.331483223376394017e+04 1.293636797518969161e+03 1.772022406911026110e+03
4.401935185208878829e+04 1.272314977419587876e+03 1.780392220749286253e+03
4.473533054498463025e+04 1.273184597251661899e+03 1.774864609326750042e+03
4.546295469532399147e+04 1.269057009241936839e+03 1.781802059705258216e+03
4.620241371751313272e+04 1.270854746092222058e+03 1.782733205724764957e+03
4.695390010680053092e+04 1.275560862340537597e+03 1.788140568563746228e+03
4.771760948938750516e+04 1.271266007337969995e+03 1.776464393126779669e+03
4.849374067335233121e+04 1.270597480076177590e+03 1.777288774512423288e+03
4.928249570040513208e+04 1.281716510705271276e+03 1.795128554662789611e+03
5.008407989848212310e+04 1.279583297637439728e+03 1.787102814146620631e+03
5.089870193519674649e+04 1.271270117663999144e+03 1.781862639069478973e+03
5.172657387216024654e+04 1.269177026480954964e+03 1.783129252424419974e+03
5.256791122018419264e+04 1.270676327669921193e+03 1.779071201586037660e+03
5.342293299538352585e+04 1.286409630640986734e+03 1.799754285848991231e+03
5.429186177618942747e+04 1.273830311012498214e+03 1.789173170667190334e+03
5.517492376129117474e+04 1.284377805158675073e+03 1.786540743132167790e+03
5.607234882852038572e+04 1.289075071448195558e+03 1.793735927542985564e+03
5.698437059469136148e+04 1.289291527775361146e+03 1.810704326583989769e+03
5.791122647641758522e+04 1.276419541516480194e+03 1.784532722664291441e+03
5.885315775191450666e+04 1.285021258203712023e+03 1.780867846723104321e+03
5.981040962380931887e+04 1.264786134411204557e+03 1.784104086013552887e+03
6.078323128297235962e+04 1.279619856761346682e+03 1.791616642820921925e+03
6.177187597338488558e+04 1.287480793968084072e+03 1.773946424689993137e+03
6.277660105806499632e+04 1.288775551163750606e+03 1.794780546567436431e+03
6.379766808606282575e+04 1.281230380811753093e+03 1.802178710211838052e+03
6.483534286054714175e+04 1.286731952445292109e+03 1.771285366117153444e+03
6.588989550799956487e+04 1.284602420741374317e+03 1.776256232211716679e+03
6.696160054853215115e+04 1.285667118846613675e+03 1.780492932067354786e+03
6.805073696735205885e+04 1.290386280813354915e+03 1.804725933291741740e+03
6.915758828738525335e+04 1.283303233205612514e+03 1.795312538853894921e+03
7.028244264308338461e+04 1.282788462777401946e+03 1.806377230250408275e+03
7.142559285543134320e+04 1.283588938516307053e+03 1.795176014698212157e+03
7.258733650817246235e+04 1.284808907884026439e+03 1.801113447934767009e+03
7.376797602527731215e+04 1.272890106702756839e+03 1.793721185003713117e+03
7.496781874966877513e+04 1.284495391201595339e+03 1.801871654879755170e+03
7.618717702322982950e+04 1.290599141092343643e+03 1.798454359338845961e+03
7.742636826811278297e+04 1.288057709933692877e+03 1.789890118020674208e+03
7.868571506936843798e+04 1.284441474788384085e+03 1.789172578809286051e+03
7.996554525892346282e+04 1.283032173525521785e+03 1.800864731085369385e+03
8.126619200091945822e+04 1.288501683460400272e+03 1.804859218969665562e+03
8.258799387844254670e+04 1.287789100989717326e+03 1.797791009637293428e+03
8.393129498166372650e+04 1.285535408105364695e+03 1.811915234042172870e+03
8.529644499741015898e+04 1.293842491085095162e+03 1.811531280003146094e+03
8.668379930019774474e+04 1.282737683689789492e+03 1.796604602355529323e+03
8.809371904473990435e+04 1.294777212306150204e+03 1.808927929050992589e+03
8.952657125996382092e+04 1.291253781349789506e+03 1.799306109817695869e+03
9.098272894455568166e+04 1.296473370333603725e+03 1.794369553998647689e+03
9.246257116405734268e+04 1.285821523836475762e+03 1.804228527778306216e+03
9.396648314954691159e+04 1.299172835485896940e+03 1.800120171099820936e+03
9.549485639791966241e+04 1.294196221736026473e+03 1.808824911465696914e+03
9.704808877380307240e+04 1.302807538733491810e+03 1.791574560901434552e+03
9.862658461312830332e+04 1.297563619227287973e+03 1.816520223496697781e+03
1.002307548283864307e+05 1.293447984120366073e+03 1.803663079417488461e+03
1.018610170155975211e+05 1.286706675409574245e+03 1.804263159732211307e+03
1.035177955630176293e+05 1.286394083187835349e+03 1.810602514592702391e+03
1.052015217616159061e+05 1.310725010120311708e+03 1.826200497614930555e+03
1.069126339173477172e+05 1.294206459290969178e+03 1.800416362140774709e+03
1.086515774652537220e+05 1.295094576338995694e+03 1.799277909950501908e+03
1.104188050854160247e+05 1.301659322565701359e+03 1.808613627572167161e+03
1.122147768207980262e+05 1.301541198311075277e+03 1.807025727294456374e+03
1.140399601970033109e+05 1.295947267594719733e+03 1.810344802664933923e+03
1.158948303439811862e+05 1.305443678983489008e+03 1.802982122807407677e+03
1.177798701197118062e+05 1.290616712221288708e+03 1.821841933616989763e+03
1.196955702359042771e+05 1.300159406832848163e+03 1.812362807710154812e+03
1.216424293857368029e+05 1.305707111753667277e+03 1.817986177552871368e+03
1.236209543736769119e+05 1.300029065305167705e+03 1.813770836960332417e+03
1.256316602474121464e+05 1.290563976755260910e+03 1.821365702995570246e+03
1.276750704319264478e+05 1.301916123655847969e+03 1.811421060867932511e+03
1.297517168657586881e+05 1.294147306912120484e+03 1.816738381735632402e+03
1.318621401394748536e+05 1.298478444586390424e+03 1.813677342933205409e+03
1.340068896363950626e+05 1.295925412751496879e+03 1.822721089259946893e+03
1.361865236756082741e+05 1.298976357375065618e+03 1.816741179264228776e+03
1.384016096573130053e+05 1.299600692830900016e+03 1.822253707034971967e+03
1.406527242105236510e+05 1.293505638614449026e+03 1.835527611512759677e+03
1.429404533431761083e+05 1.299009568142774924e+03 1.814561001419117929e+03
1.452653925946781237e+05 1.303043424174269376e+03 1.813335229941382522e+03
1.476281471909391112e+05 1.317139840331707774e+03 1.823485503740944750e+03
1.500293322019216721e+05 1.296510467808005160e+03 1.829743730336033877e+03
1.524695727017573081e+05 1.300012174730241895e+03 1.810135662319057928e+03
1.549495039314631722e+05 1.298735243198174658e+03 1.808085200395368020e+03
1.574697714643086656e+05 1.298397660488770725e+03 1.812388572812069697e+03
1.600310313738701807e+05 1.299501239763189460e+03 1.814192205402114723e+03
1.626339504048190720e+05 1.303019915799865657e+03 1.832699721182396388e+03
1.652792061464893923e+05 1.301942474367345767e+03 1.832456000297449464e+03
1.679674872092653241e+05 1.313468255703878413e+03 1.826559872360285453e+03
1.706994934038407810e+05 1.306528252058377575e+03 1.826468943713462295e+03
1.734759359233932628e+05 1.305871356752324118e+03 1.817727467733214780e+03
1.762975375287203933e+05 1.313116650175282530e+03 1.833755926599774057e+03
1.791650327363899560e+05 1.308460063598794932e+03 1.854172771525617236e+03
1.820791680099462392e+05 1.308262495684374471e+03 1.816985556355571589e+03
1.850407019542302005e+05 1.293758029874833710e+03 1.825868766820542078e+03
1.880504055128583568e+05 1.300385118534389903e+03 1.833521268865503771e+03
1.911090621689136024e+05 1.312274022323528015e+03 1.816491180698930293e+03
1.942174681489024370e+05 1.304769893805612810e+03 1.841754301913716745e+03
1.973764326300255489e+05 1.309788010522045170e+03 1.823329988974261369e+03
2.005867779508233943e+05 1.303858858824294430e+03 1.830086554664825371e+03
2.038493398252464249e+05 1.312707195121249242e+03 1.817472920341766439e+03
2.071649675602066854e+05 1.301810379913739098e+03 1.831929509250119054e+03
2.105345242766703886e+05 1.306806061497037490e+03 1.823298353965886008e+03
2.139588871343421633e+05 1.311910626659727996e+03 1.827000761997285963e+03
2.174389475600080041e+05 1.311746278142548363e+03 1.816408909221816884e+03
2.209756114795903268e+05 1.312032571111095876e+03 1.839327263440806064e+03
2.245697995539771800e+05 1.310299263555916014e+03 1.830049605109785944e+03
2.282224474186896114e+05 1.315881769005636670e+03 1.828729575582298594e+03
2.319345059274427476e+05 1.320517563855149547e+03 1.836997059767180417e+03
2.357069413996727671e+05 1.306157685671963918e+03 1.827424189237133078e+03
2.395407358720879420e+05 1.314657325663900110e+03 1.839896615594523610e+03
2.434368873543113004e+05 1.305749940744989090e+03 1.844382534235112871e+03
2.473964100886811502e+05 1.319609466204704631e+03 1.847135958073969960e+03
2.514203348142796603e+05 1.305543414551710612e+03 1.840853438684799130e+03
2.555097090352507075e+05 1.321792421898662951e+03 1.835174946343020110e+03
2.596655972934872552e+05 1.314436248326291889e+03 1.842300685370029896e+03
2.638890814457513043e+05 1.319359847823831842e+03 1.838669395718623718e+03
2.681812609453012701e+05 1.325622662758650677e+03 1.830020781890517810e+03
2.725432531281028059e+05 1.316289340164474879e+03 1.841568535928658548e+03
2.769761935036890791e+05 1.310771359828630011e+03 1.841762369653296673e+03
2.814812360507581034e+05 1.324474197910050862e+03 1.841937880202283850e+03
2.860595535175745026e+05 1.311734485493966076e+03 1.851722190636976620e+03
2.907123377272575162e+05 1.314610728645603331e+03 1.848435617319517405e+03
2.954407998880379600e+05 1.316693098849476655e+03 1.843300131846393015e+03
3.002461709085549228e+05 1.311965674084889542e+03 1.839012482761971796e+03
3.051297017182870768e+05 1.323838747318316337e+03 1.825713019572634039e+03
3.100926635931929923e+05 1.316970821252041333e+03 1.848255331359795264e+03
3.151363484866475919e+05 1.325347275108601025e+03 1.842268488635084168e+03
3.202620693657650263e+05 1.319027093734339132e+03 1.842275680456114969e+03
3.254711605531848036e+05 1.304996321087893193e+03 1.847596660650278636e+03
3.307649780744242598e+05 1.312752523264764250e+03 1.849903148581854339e+03
3.361449000108768814e+05 1.313555347576689883e+03 1.843076542096343246e+03
3.416123268585525220e+05 1.316509691135348248e+03 1.838703233699358861e+03
3.471686818926559645e+05 1.325053506859813069e+03 1.866081474466191139e+03
3.528154115380882868e+05 1.317642702053682569e+03 1.851040681110273226e+03
3.585539857459816849e+05 1.318560741096875290e+03 1.854438234124170549e+03
3.643858983763548313e+05 1.334035274013080880e+03 1.817872340499648999e+03
3.703126675869923201e+05 1.313516382763043566e+03 1.842640446631031637e+03
3.763358362286532647e+05 1.337901148561713853e+03 1.846815142818804134e+03
3.824569722466999083e+05 1.313587756931111016e+03 1.847458501958256193e+03
3.886776690892667975e+05 1.319899970126190283e+03 1.860244015954817769e+03
3.949995461220646976e+05 1.309413873618776734e+03 1.833168030147927766e+03
4.014242490499317646e+05 1.340618206691622618e+03 1.849636528510559401e+03
4.079534503452448989e+05 1.321900190126099233e+03 1.832359150217467459e+03
4.145888496832911042e+05 1.327373091793267804e+03 1.854998404939279908e+03
4.213321743847288890e+05 1.332755325736818122e+03 1.854637614773961104e+03
4.281851798652415746e+05 1.328720548153402660e+03 1.852256087873582374e+03
4.351496500925045111e+05 1.328027645057689142e+03 1.842159838227359842e+03
4.422273980505897198e+05 1.314043112328748975e+03 1.840980486839154310e+03
4.494202662119141896e+05 1.319177819726741291e+03 1.862117811700630000e+03
4.567301270168746705e+05 1.331264110740094111e+03 1.847413681164838181e+03
4.641588833612782182e+05 1.331414549174487775e+03 1.860665751696926918e+03
4.717084690917012631e+05 1.336776673341258856e+03 1.848823427144591278e+03
4.793808495089106727e+05 1.317742659954123155e+03 1.857407877223314017e+03
4.871780218794631073e+05 1.331504594962448891e+03 1.861321470560824764e+03
4.951020159556351136e+05 1.339420876434596039e+03 1.852330173167327985e+03
5.031548945038056700e+05 1.325048418243904507e+03 1.857593804021022152e+03
5.113387538414321025e+05 1.338367459062639000e+03 1.871527978069301071e+03
5.196557243827657658e+05 1.337473032505605488e+03 1.858220037453024361e+03
5.281079711934330408e+05 1.334075997352370450e+03 1.849471213398221153e+03
5.366976945540476590e+05 1.321909667316235073e+03 1.846142402753004944e+03
5.454271305329835741e+05 1.327950617105411766e+03 1.857966543749780840e+03
5.542985515684663551e+05 1.327044786143336069e+03 1.867833516682304662e+03
5.633142670601351419e+05 1.336166042093746910e+03 1.868174216850043194e+03
5.724766239702178864e+05 1.333585507141060361e+03 1.860067951699257719e+03
5.817880074344935128e+05 1.335983133684586846e+03 1.859367927556512996e+03
5.912508413831881480e+05 1.333976224598180352e+03 1.863543014599120852e+03
6.008675891719680512e+05 1.332339016932292452e+03 1.859785594723196937e+03
6.106407542232036358e+05 1.347896754804255124e+03 1.872416451610846252e+03
6.205728806776501006e+05 1.333122938724724690e+03 1.860897682267558139e+03
6.306665540567405988e+05 1.346242112571294456e+03 1.851384201003790395e+03
6.409244019356457284e+05 1.329295988637561777e+03 1.873022468406028111e+03
6.513490946272795554e+05 1.345646430623438391e+03 1.874248690060025865e+03
6.619433458774387836e+05 1.342930723598405166e+03 1.869665224684704754e+03
6.727099135712336283e+05 1.326382041928381796e+03 1.873727684749429727e+03
6.836516004510239000e+05 1.337014471116835466e+03 1.859918276766441522e+03
6.947712548460239777e+05 1.341817386303333706e+03 1.862617706869079029e+03
7.060717714137765579e+05 1.329125897875740293e+03 1.876466927009139681e+03
7.175560918936921516e+05 1.335045643325604033e+03 1.869979094991351985e+03
7.292272058728312841e+05 1.340768908340712414e+03 1.867526584672734089e+03
7.410881515641569858e+05 1.342342067948408157e+03 1.859492920915163268e+03
7.531420165974375559e+05 1.329454505758292271e+03 1.861642498169137525e+03
7.653919388230155455e+05 1.337375060545935412e+03 1.875420144737182909e+03
7.778411071286482038e+05 1.332125306916256022e+03 1.868250657710038922e+03
7.904927622696420876e+05 1.335159757734176765e+03 1.879062900316334662e+03
8.033501977124734549e+05 1.340832259937642448e+03 1.871532322795413165e+03
8.164167604921471793e+05 1.331626055816060443e+03 1.885997592495228673e+03
8.296958520834915107e+05 1.342311532530742852e+03 1.873481029472987302e+03
8.431909292866251199e+05 1.340006303050008000e+03 1.882858322746528756e+03
8.569055051268347306e+05 1.341576049048724826e+03 1.870358763988309875e+03
8.708431497690724209e+05 1.343192665520284436e+03 1.885786399363510782e+03
8.850074914473438403e+05 1.343134319658228378e+03 1.873611947479181708e+03
8.994022174092053901e+05 1.345308515415392321e+03 1.878643055262066582e+03
9.140310748756222893e+05 1.336158050304273729e+03 1.878588360724891800e+03
9.288978720164498081e+05 1.345766137011407181e+03 1.854004418347540195e+03
9.440064789417603752e+05 1.331940374916350720e+03 1.870843658137190232e+03
9.593608287093146937e+05 1.333461434535882290e+03 1.867016366380039244e+03
9.749649183484095847e+05 1.350502555118423288e+03 1.881090551776594793e+03
9.908228099003786920e+05 1.345443331796532448e+03 1.875582222487759054e+03
1.006938631476027076e+06 1.347386651003151201e+03 1.879187346417780873e+03
1.023316578330244869e+06 1.347482591018773974e+03 1.892383475386365944e+03
1.039960913954120362e+06 1.345125787816240518e+03 1.886518699860519973e+03
1.056875971184805036e+06 1.338166529259814979e+03 1.893123172365300888e+03
1.074066153333432274e+06 1.346170072373030962e+03 1.876405480472761838e+03
1.091535935331391171e+06 1.355861904163855343e+03 1.897759405273280663e+03
1.109289864895222709e+06 1.349494126255533274e+03 1.892183069605116998e+03
1.127332563710487215e+06 1.356778863962651030e+03 1.888712618711648247e+03
1.145668728634872707e+06 1.350745745267783605e+03 1.890691257070703159e+03
1.164303132920875680e+06 1.356411979007355058e+03 1.899721476010764718e+03
1.183240627458377974e+06 1.354246503956588640e+03 1.898914029572953496e+03
1.202486142037412152e+06 1.361022627150956168e+03 1.901292260777845513e+03
1.222044686631488614e+06 1.360573866175218427e+03 1.910819212969667205e+03
1.241921352701784577e+06 1.360480255010960946e+03 1.891113992485552217e+03
1.262121314522546018e+06 1.373895953550437753e+03 1.912889020050420868e+03
1.282649830528059974e+06 1.354784090077327164e+03 1.908467620496767267e+03
1.303512244681508979e+06 1.355553142148057987e+03 1.898127480161275116e+03
1.324713987866117386e+06 1.359881256585099891e+03 1.900939041869086850e+03
1.346260579298910918e+06 1.374732605869119197e+03 1.906479015410991906e+03
1.368157627967470558e+06 1.362389854292360042e+03 1.918884799283115399e+03
1.390410834090069635e+06 1.370631317463404685e+03 1.900483414903623952e+03
1.413025990599533543e+06 1.370351652666852715e+03 1.905323216504647689e+03
1.436008984651260544e+06 1.370050781436815896e+03 1.917949172174824071e+03
1.459365799155757762e+06 1.375056547683990630e+03 1.898351995488905004e+03
1.483102514336102875e+06 1.371335193276299833e+03 1.902267290981048518e+03
1.507225309310755460e+06 1.364455492258758568e+03 1.916149604855252164e+03
1.531740463702079840e+06 1.376349572309542737e+03 1.913980520537888879e+03
1.556654359271062072e+06 1.362785424349334107e+03 1.918742091147322981e+03
1.581973481578601524e+06 1.366636639914494026e+03 1.924996617919511436e+03
1.607704421673821984e+06 1.379897841348332804e+03 1.926289760193517168e+03
1.633853877809860278e+06 1.374658612963964515e+03 1.921514061060689073e+03
1.660428657187529607e+06 1.379778489491795881e+03 1.914544926213627605e+03
1.687435677727375645e+06 1.377533846521445867e+03 1.920806561944754549e+03
1.714881969870540779e+06 1.373060943544122210e+03 1.928912330677388354e+03
1.742774678408917272e+06 1.390721605896938172e+03 1.932623427507632186e+03
1.771121064345086925e+06 1.388958128392187746e+03 1.920744319490891712e+03
1.799928506782476557e+06 1.381521409958001414e+03 1.924301555849425085e+03
1.829204504846293712e+06 1.383120938820345373e+03 1.929613339980286355e+03
1.858956679635688197e+06 1.376612010937615878e+03 1.947705814872430665e+03
1.889192776207664283e+06 1.386303237612964040e+03 1.932419105127427201e+03
1.919920665593282785e+06 1.391442583267447162e+03 1.943955692711970869e+03
1.951148346846616361e+06 1.383508474785164935e+03 1.938737296608741872e+03
1.982883949127071304e+06 1.388379692749128481e+03 1.941753322404877281e+03
2.015135733815558488e+06 1.390245817322518405e+03 1.939110825393409868e+03
2.047912096665083431e+06 1.385241920909287273e+03 1.951415953467255576e+03
2.081221569986337097e+06 1.384858022968502610e+03 1.942305489220204890e+03
2.115072824868794531e+06 1.391334686394547134e+03 1.941722569953651828e+03
2.149474673437980469e+06 1.396017541429268704e+03 1.944789334822418141e+03
2.184436071149428375e+06 1.400326289005341550e+03 1.951731827992931812e+03
2.219966119119952433e+06 1.394723299051556523e+03 1.972882557636458614e+03
2.256074066496859305e+06 1.399004859120172114e+03 1.924457488430379499e+03
2.292769312865648884e+06 1.405203847208103298e+03 1.959114086841227390e+03
2.330061410696924664e+06 1.388128624124881071e+03 1.942757390863448563e+03
2.367960067833078559e+06 1.410328181039470564e+03 1.957088788253977100e+03
2.406475150015421677e+06 1.408320466102327600e+03 1.954650767398573407e+03
2.445616683452444151e+06 1.397125093572862170e+03 1.941993182995453253e+03
2.485394857429798692e+06 1.400565885795268741e+03 1.952755209192891016e+03
2.525820026962784585e+06 1.418790162381081018e+03 1.979527737794253653e+03
2.566902715491951909e+06 1.405983681410528334e+03 1.949550887024430494e+03
2.608653617622550577e+06 1.406669980502409089e+03 1.948939130608206369e+03
2.651083601908536162e+06 1.419502148532126284e+03 1.963059045170674835e+03
2.694203713681882247e+06 1.421660040099731987e+03 1.960668052055204043e+03
2.738025177927857731e+06 1.400673132748715943e+03 1.971919899025552240e+03
2.782559402207125910e+06 1.408377726618106635e+03 1.958362298778634340e+03
2.827817979625343811e+06 1.409611941674377476e+03 1.973019966330359011e+03
2.873812691851063631e+06 1.410754357090445637e+03 1.961813940129168259e+03
2.920555512182745151e+06 1.412444852456578246e+03 1.969080017025492680e+03
2.968058608665602282e+06 1.414799547664303645e+03 1.992424621462406321e+03
3.016334347259197384e+06 1.417514752242199847e+03 1.959698981257902233e+03
3.065395295056529809e+06 1.427725017734916037e+03 1.975873607041294235e+03
3.115254223555484787e+06 1.415850609087771545e+03 1.991562182733753161e+03
3.165924111983520444e+06 1.418419821524426425e+03 1.975023444630532367e+03
3.217418150676371530e+06 1.424233587018626167e+03 1.988577252860823592e+03
3.269749744511767756e+06 1.429802593756350461e+03 1.966553118427208574e+03
3.322932516398975160e+06 1.420689125675459763e+03 1.994524914909663039e+03
3.376980310825088061e+06 1.431554657273417206e+03 1.998789538564210943e+03
3.431907197459042538e+06 1.423311081701473313e+03 2.000473318173865664e+03
3.487727474814177491e+06 1.435520632014241755e+03 1.989850948775079587e+03
3.544455673970435746e+06 1.429768273013944281e+03 1.979310681615657586e+03
3.602106562357073650e+06 1.429499576559913521e+03 1.981170225547821474e+03
3.660695147596898489e+06 1.441035528515927126e+03 1.993558480087614726e+03
3.720236681413066108e+06 1.429224208468166808e+03 1.988765747615999771e+03
3.780746663599349093e+06 1.427722496193595816e+03 1.997433333420847703e+03
3.842240846055061091e+06 1.436729747432660361e+03 1.983543216267548132e+03
3.904735236885563936e+06 1.449470177984622069e+03 1.997199178374983831e+03
3.968246104569477960e+06 1.438864603298807879e+03 1.987547855326825356e+03
4.032789982193705160e+06 1.439731228674179647e+03 2.012582397316880360e+03
4.098383671757261269e+06 1.437045677596142013e+03 2.020241972858036434e+03
4.165044248545185197e+06 1.444185494085780647e+03 2.002092794507294457e+03
4.232789065573552623e+06 1.444909871953772608e+03 2.002953940210830979e+03
4.301635758106790483e+06 1.439510387717975163e+03 2.013669992218867037e+03
4.371602248248502612e+06 1.454751090445563705e+03 2.014446658040616740e+03
4.442706749606883153e+06 1.446473167202850846e+03 1.997564591989995506e+03
4.514967772036101669e+06 1.444586579647483404e+03 2.021869045256471964e+03
4.588404126454761252e+06 1.443459076820995506e+03 2.017134153458479659e+03
4.663034929742726497e+06 1.454325411572951680e+03 2.011728427298712404e+03
4.738879609717651270e+06 1.450608070955930771e+03 2.005120903330173860e+03
4.815957910192350857e+06 1.445464815072621832e+03 2.006156902266603538e+03
4.894289896114531904e+06 1.448876648786279702e+03 2.035130298050795091e+03
4.973895958790067583e+06 1.460970638450056413e+03 2.020695668876812306e+03
5.054796821191235445e+06 1.453561877841611476e+03 2.033061982365183894e+03
5.137013543351339176e+06 1.455988471667187696e+03 2.024527792049823574e+03
5.220567527846975252e+06 1.457411441037059149e+03 2.027330418345511816e+03
5.305480525369574316e+06 1.471601739567674940e+03 2.021807399233382512e+03
5.391774640387505293e+06 1.466498080168556498e+03 2.027991381350132770e+03
5.479472336900281720e+06 1.451616359457150111e+03 2.049547339035912501e+03
5.568596444286408834e+06 1.457110106914488824e+03 2.021543447249868905e+03
5.659170163246242329e+06 1.456675939905281211e+03 2.034150927065327778e+03
5.751217071841613390e+06 1.451724363928332650e+03 2.045043966401064381e+03
5.844761131633637473e+06 1.464393012873248153e+03 2.028269638684893835e+03
5.939826693920350634e+06 1.466297497438390792e+03 2.047025829008764276e+03
6.036438506075863726e+06 1.468223701312977028e+03 2.044857547573248667e+03
6.134621717992505990e+06 1.476591323136681694e+03 2.030358371849942387e+03
6.234401888627863489e+06 1.471498088937250714e+03 2.053329962149632138e+03
6.335804992658253759e+06 1.465074292440342788e+03 2.035325404865262044e+03
6.438857427240412682e+06 1.468883986436526129e+03 2.048588334139672497e+03
6.543586018883229233e+06 1.470956138878654883e+03 2.045697198854501721e+03
6.650018030431118794e+06 1.474442938402886057e+03 2.067806040732616566e+03
6.758181168161110021e+06 1.461060442707315815e+03 2.048349315636147367e+03
6.868103588995307684e+06 1.474419082729167485e+03 2.040180706855066546e+03
6.979813907830652781e+06 1.486899640570352176e+03 2.039289580995053484e+03
7.093341204987989739e+06 1.487648313803256315e+03 2.059768948482594624e+03
7.208715033782135695e+06 1.488533878551951602e+03 2.065044930810200640e+03
7.325965428215229884e+06 1.483791070562446293e+03 2.047740495842562723e+03
7.445122910795142874e+06 1.494181072843103721e+03 2.048955010216254323e+03
7.566218500481047668e+06 1.480415583849664245e+03 2.060713420917614712e+03
7.689283720758305863e+06 1.483483511345629722e+03 2.066681025414132819e+03
7.814350607844541781e+06 1.488471005637159806e+03 2.064405955514827383e+03
7.941451719029339962e+06 1.475921520310580036e+03 2.064735498556633502e+03
8.070620141149506904e+06 1.493595523155699993e+03 2.061965685143592964e+03
8.201889499202211387e+06 1.491102181502330950e+03 2.089059244123903227e+03
8.335293965098187327e+06 1.470812151619853466e+03 2.058636370199409157e+03
8.470868266557402909e+06 1.492606679576267197e+03 2.067216823976729302e+03
8.608647696149244905e+06 1.502816595463994190e+03 2.085549832534354209e+03
8.748668120479913428e+06 1.495756421565235541e+03 2.067143693600385177e+03
8.890965989529166371e+06 1.496337991486822830e+03 2.075716181434161172e+03
9.035578346138920635e+06 1.496008127375109552e+03 2.075159301265626254e+03
9.182542835656281561e+06 1.499080641345120057e+03 2.077880951879528766e+03
9.331897715733239427e+06 1.505954741595119913e+03 2.079822562688289509e+03
9.483681866285927594e+06 1.513382097175874378e+03 2.065952503848584001e+03
9.637934799615794793e+06 1.504229875401100117e+03 2.082728701939784969e+03
9.794696670695384964e+06 1.505491158563724184e+03 2.088256979101970046e+03
9.954008287621518597e+06 1.508404072134157104e+03 2.080413261889230398e+03
1.011591112223829702e+07 1.505416715521289234e+03 2.098479334384899175e+03
1.028044732093309797e+07 1.495395947627482656e+03 2.090710793037440908e+03
1.044765971560805291e+07 1.500962245038775791e+03 2.080600200782770571e+03
1.061759183482998982e+07 1.499502180961721933e+03 2.093246787689266512e+03
1.079028791516183689e+07 1.505418410743198592e+03 2.089960344339539006e+03
1.096579291267809831e+07 1.515972919242607531e+03 2.091644883176486474e+03
1.114415251466788165e+07 1.523524093793471593e+03 2.106611254661201656e+03
1.132541315152812563e+07 1.517702736126578202e+03 2.106019828332867291e+03
1.150962200885031186e+07 1.506904593569180179e+03 2.102157294707169967e+03
1.169682703970384598e+07 1.525312967973138029e+03 2.098245566031866929e+03
1.188707697711903229e+07 1.507937587742756705e+03 2.097270088421278615e+03
1.208042134677328914e+07 1.520968625556023881e+03 2.114484942234031223e+03
1.227691047988360375e+07 1.510942225418627459e+03 2.099941881764555092e+03
1.247659552630868554e+07 1.528510791493944680e+03 2.120964153377153252e+03
1.267952846786434017e+07 1.525117477947351063e+03 2.107560658030259674e+03
1.288576213185518049e+07 1.523339047309881835e+03 2.118363132435873467e+03
1.309535020482667722e+07 1.535714375586380356e+03 2.100306757498135539e+03
1.330834724654076062e+07 1.531682455362376231e+03 2.103977419042555084e+03
1.352480870417873934e+07 1.533681378080965487e+03 2.102529659716296464e+03
1.374479092677536607e+07 1.541140384529555149e+03 2.102113113346365481e+03
1.396835117988739721e+07 1.528309994754290983e+03 2.120503197368786459e+03
1.419554766050101630e+07 1.523270227194254176e+03 2.133191121576921887e+03
1.442643951218158752e+07 1.537473428255107365e+03 2.129726492595532363e+03
1.466108684046982974e+07 1.538716964338072557e+03 2.126591165176560480e+03
1.489955072852853686e+07 1.537188869718891965e+03 2.120545226854585053e+03
1.514189325304351933e+07 1.532141943206623182e+03 2.109830181299788364e+03
1.538817750038346462e+07 1.529534548979261444e+03 2.126697186677840364e+03
1.563846758302247711e+07 1.533838583200088124e+03 2.117902307307200317e+03
1.589282865622976422e+07 1.544197552565747401e+03 2.141928490366171445e+03
1.615132693503089622e+07 1.541861353333976240e+03 2.140073217903342083e+03
1.641402971144466475e+07 1.544948213474955082e+03 2.137160533266308448e+03
1.668100537200059183e+07 1.551349879758844054e+03 2.152347936655021840e+03
1.695232341554121301e+07 1.537744892431808012e+03 2.147861255590150449e+03
1.722805447131392360e+07 1.543736786764328372e+03 2.136661043545713255e+03
1.750827031735723466e+07 1.538664603903555644e+03 2.172134149965605502e+03
1.779304389918577299e+07 1.545474761111434645e+03 2.144142125684709299e+03
1.808244934877951816e+07 1.547864969404332669e+03 2.160319052536082836e+03
1.837656200388172269e+07 1.538407483120649658e+03 2.144391040104292642e+03
1.867545842761074007e+07 1.551892736250839334e+03 2.133796094383777472e+03
1.897921642839099467e+07 1.560369517202258066e+03 2.154203399096643352e+03
1.928791508020777628e+07 1.547543515312057480e+03 2.161666336957082422e+03
1.960163474319185689e+07 1.548816713365598616e+03 2.154490504273085207e+03
1.992045708453871310e+07 1.555292501710039687e+03 2.153668692802223177e+03
2.024446509976801649e+07 1.567475378280777932e+03 2.167089709116305585e+03
2.057374313432911411e+07 1.566185557434027032e+03 2.155146789063843698e+03
2.090837690555749834e+07 1.573541141542736341e+03 2.176834264110694221e+03
2.124845352498883009e+07 1.560086365635273751e+03 2.175015765638402172e+03
2.159406152103567496e+07 1.558536656892690416e+03 2.163764784910443723e+03
2.194529086203311384e+07 1.563903210881016321e+03 2.169104261712049265e+03
2.230223297965936363e+07 1.566316012561227353e+03 2.160743663219262999e+03
2.266498079273692891e+07 1.578975626032636455e+03 2.151114089305739981e+03
2.303362873142131418e+07 1.576739908624747613e+03 2.189924343918061368e+03
2.340827276178294420e+07 1.584721759694878983e+03 2.172744150976603578e+03
2.378901041078890860e+07 1.563382415128487310e+03 2.187827009209758671e+03
2.417594079169128463e+07 1.568776283404762353e+03 2.175106678707606989e+03
2.456916462982790172e+07 1.574177683555796875e+03 2.187467258761863377e+03
2.496878428884326667e+07 1.583725750739608429e+03 2.185088486731591729e+03
2.537490379733571783e+07 1.581163413328712977e+03 2.185639849852890620e+03
2.578762887593803555e+07 1.573428140371854624e+03 2.193209950573366768e+03
2.620706696483849734e+07 1.577266776025964418e+03 2.213094264754600772e+03
2.663332725174980611e+07 1.586137625622459154e+03 2.194310999527347121e+03
2.706652070033241436e+07 1.588233556984284178e+03 2.208662990461340996e+03
2.750676007908067480e+07 1.601297803084356701e+03 2.195830657436172260e+03
2.795415999067859352e+07 1.584165876410642795e+03 2.202750133289213409e+03
2.840883690183301270e+07 1.599823921148125009e+03 2.196327297484521750e+03
2.887090917359234765e+07 1.586011013933128652e+03 2.215557868075010902e+03
2.934049709215787053e+07 1.589905618306567476e+03 2.202390694242445988e+03
2.981772290019673482e+07 1.581280737733696242e+03 2.199180174559363877e+03
3.030271082866399363e+07 1.592095568018675749e+03 2.203233009251478961e+03
3.079558712914223224e+07 1.594218973593188139e+03 2.188744537964443225e+03
3.129648010670750588e+07 1.610496588975463510e+03 2.202483548174772750e+03
3.180552015332919732e+07 1.602772065927091262e+03 2.186687502135767318e+03
3.232283978181380779e+07 1.591114208126736457e+03 2.206627878364542084e+03
3.284857366030047089e+07 1.606898975909157343e+03 2.206408085628207573e+03
3.338285864731757715e+07 1.592087053556458613e+03 2.205163675732834236e+03
3.392583382740991563e+07 1.594066374006000387e+03 2.209973315665816699e+03
3.447764054734463990e+07 1.607271998465576871e+03 2.195982581017720804e+03
3.503842245290675759e+07 1.601223344483642222e+03 2.230216736513263641e+03
3.560832552629281580e+07 1.585231066631951762e+03 2.211089034194188116e+03
3.618749812411276996e+07 1.612573152991883944e+03 2.211590984002883488e+03
3.677609101601030678e+07 1.613144700006056610e+03 2.227558540024134800e+03
3.737425742391064018e+07 1.607413171413286818e+03 2.211545903626617928e+03
3.798215306190736592e+07 1.613342426085134093e+03 2.238439440100368756e+03
3.859993617679771036e+07 1.610828111141947829e+03 2.228652058952261086e+03
3.922776758927715570e+07 1.611529018931148585e+03 2.227010096999889356e+03
3.986581073580438644e+07 1.609290643467097880e+03 2.236781609462536380e+03
4.051423171114647388e+07 1.609666295496799421e+03 2.234894451151117210e+03
4.117319931161679327e+07 1.613411662228450041e+03 2.227062522058206469e+03
4.184288507901584357e+07 1.617272147880993543e+03 2.221752335442822186e+03
4.252346334528677911e+07 1.630814434961356255e+03 2.261116711208349443e+03
4.321511127789761871e+07 1.615278599723011894e+03 2.242308396113408435e+03
4.391800892596086115e+07 1.620147728478144018e+03 2.244686745870377763e+03
4.463233926710397005e+07 1.621132488167557540e+03 2.229046767770502356e+03
4.535828825510191172e+07 1.627082800252131392e+03 2.249388558432247919e+03
4.609604486828429252e+07 1.620136360820396476e+03 2.277384185979463837e+03
4.684580115873045474e+07 1.635766708590103917e+03 2.263307513313307027e+03
4.760775230226368457e+07 1.626172686988941678e+03 2.253989678883463512e+03
4.838209664925957471e+07 1.616445328817973177e+03 2.259668799975087040e+03
4.916903577628031373e+07 1.632106190601637309e+03 2.249569013041088510e+03
4.996877453854878992e+07 1.635281756486315089e+03 2.274896676228035631e+03
5.078152112327670306e+07 1.638516745991503740e+03 2.270288370206128093e+03
5.160748710385907441e+07 1.631829838980374689e+03 2.267110801453524800e+03
5.244688749495118856e+07 1.641370297898578656e+03 2.274189222185831568e+03
5.329994080844093114e+07 1.629616294776431687e+03 2.270400370929150085e+03
5.416686911033146828e+07 1.630751805108337521e+03 2.261896804067303492e+03
5.504789807854967564e+07 1.638994448481754716e+03 2.262182104115918264e+03
5.594325706169377267e+07 1.644286850180430747e+03 2.256669816924012139e+03
5.685317913873753697e+07 1.642852725204104445e+03 2.279708486182328670e+03
5.777790117970506847e+07 1.641297549732671541e+03 2.274031628118181743e+03
5.871766390733249485e+07 1.633573229570525200e+03 2.259871607536063948e+03
5.967271195973310620e+07 1.638440223948105086e+03 2.290373721457159718e+03
6.064329395408061892e+07 1.648597146651343110e+03 2.268367800667506344e+03
6.162966255132941902e+07 1.659262814796254816e+03 2.285676371890873270e+03
6.263207452198692411e+07 1.643699428273756439e+03 2.302744738606403189e+03
6.365079081295564771e+07 1.642493706378476418e+03 2.292456847886075138e+03
6.468607661546320468e+07 1.656468529639394092e+03 2.286576226769869209e+03
6.573820143409585208e+07 1.653002226424646778e+03 2.277257897474797119e+03
6.680743915695614368e+07 1.674880641690233233e+03 2.297376269795629923e+03
6.789406812696112692e+07 1.656985608681067106e+03 2.307127515245423183e+03
6.899837121430011094e+07 1.659845036591309508e+03 2.285480664974563751e+03
7.012063589007176459e+07 1.666364116454448549e+03 2.302357138960197062e+03
7.126115430111745000e+07 1.670875054467196833e+03 2.314804173264794372e+03
7.242022334607315063e+07 1.671460533385484496e+03 2.310184256755023398e+03
7.359814475265771151e+07 1.662561333287606658e+03 2.284798458249900705e+03
7.479522515621814132e+07 1.661734540922491078e+03 2.291991570206650067e+03
7.601177617955322564e+07 1.657513800399606907e+03 2.293654082045226005e+03
7.724811451403400302e+07 1.657847609170206397e+03 2.302482766214948242e+03
7.850456200204509497e+07 1.669784082368338886e+03 2.323296629778017632e+03
7.978144572076629102e+07 1.666412373557558567e+03 2.310473687715003962e+03
8.107909806731678545e+07 1.694084833201907031e+03 2.319036260437108012e+03
8.239785684528511763e+07 1.657831842846255540e+03 2.313842714371930469e+03
8.373806535266488791e+07 1.672655323029173360e+03 2.319903549867904985e+03
8.510007247122246027e+07 1.678839622630020585e+03 2.329079997615235243e+03
8.648423275731725991e+07 1.688450557188645007e+03 2.321393197435576894e+03
8.789090653419964015e+07 1.675142139754826985e+03 2.314914372722226290e+03
8.932045998580959439e+07 1.681742278898986342e+03 2.340681200619002993e+03
9.077326525210224092e+07 1.695259735430542378e+03 2.317992763708714392e+03
9.224970052592174709e+07 1.686940304249649671e+03 2.326505408821935362e+03
9.375015015145289898e+07 1.687173431655101240e+03 2.335430957384253361e+03
9.527500472427299619e+07 1.684143528837891608e+03 2.305777076706186563e+03
9.682466119303114712e+07 1.697982987154977081e+03 2.350499362325153470e+03
9.839952296278226376e+07 1.688993702904181191e+03 2.327830203431975406e+03
1.000000000000000000e+08 1.699608772472805413e+03 2.341235109227623070e+03
