111 1 1 12
1.77748e-11
2.33728e-11
3.0474e-11
3.94573e-11
5.08006e-11
6.51004e-11
8.31018e-11
1.05737e-10
1.3417e-10
1.69857e-10
2.14605e-10
2.70664e-10
3.40869e-10
4.28691e-10
5.38493e-10
6.75648e-10
8.46776e-10
1.06003e-9
1.32538e-9
1.65495e-9
2.06329e-9
2.56781e-9
3.18906e-9
3.95108e-9
4.88148e-9
6.01158e-9
7.37622e-9
9.01361e-9
1.09648e-8
1.32734e-8
1.59849e-8
1.91461e-8
2.28054e-8
2.70131e-8
3.18213e-8
3.72848e-8
4.34631e-8
5.04198e-8
5.82261e-8
6.69605e-8
7.67105e-8
8.75744e-8
9.96617e-8
1.13093e-7
1.28001e-7
1.44536e-7
1.62858e-7
1.83141e-7
2.05578e-7
2.30371e-7
2.57748e-7
2.87945e-7
3.21221e-7
3.57851e-7
3.9813e-7
4.42378e-7
4.90932e-7
5.44156e-7
6.02436e-7
6.66183e-7
7.35852e-7
8.11908e-7
8.94843e-7
9.85217e-7
1.08361e-6
1.19059e-6
1.30684e-6
1.43307e-6
1.57002e-6
1.71843e-6
1.87919e-6
2.05319e-6
2.24138e-6
2.44473e-6
2.66435e-6
2.90138e-6
3.15705e-6
3.43258e-6
3.72942e-6
4.049e-6
4.3929e-6
4.76265e-6
5.16001e-6
5.58683e-6
6.04506e-6
6.53673e-6
7.06402e-6
7.62926e-6
8.23478e-6
8.88318e-6
9.57713e-6
0.0000103194
0.000011113
0.0000119609
0.0000128662
0.000013832
0.0000148621
0.0000159593
0.0000171273
0.0000183695
0.0000196886
0.0000210875
0.0000225694
0.0000241358
0.0000257891
0.0000275295
0.0000293581
0.0000312745
0.0000332778
0.0000353662
0.0000375377
