111 1 1 12
2.00757e-11
2.78656e-11
3.80786e-11
5.13563e-11
6.85033e-11
9.05329e-11
1.18721e-10
1.54674e-10
2.00414e-10
2.58477e-10
3.32054e-10
4.2515e-10
5.428e-10
6.9127e-10
8.78558e-10
1.11422e-9
1.41056e-9
1.78277e-9
2.24954e-9
2.83388e-9
3.56397e-9
4.47403e-9
5.60543e-9
7.00763e-9
8.7392e-9
1.0869e-8
1.34767e-8
1.66534e-8
2.05022e-8
2.51378e-8
3.06862e-8
3.72851e-8
4.50908e-8
5.44189e-8
6.53615e-8
7.81094e-8
9.28653e-8
1.09845e-7
1.2927e-7
1.51374e-7
1.76404e-7
2.04633e-7
2.36353e-7
2.71861e-7
3.1146e-7
3.55563e-7
4.04508e-7
4.5873e-7
5.18653e-7
5.84777e-7
6.57636e-7
7.37776e-7
8.25788e-7
9.22394e-7
1.02822e-6
1.14406e-6
1.27072e-6
1.40909e-6
1.56009e-6
1.72474e-6
1.90403e-6
2.09925e-6
2.31151e-6
2.54207e-6
2.79245e-6
3.06408e-6
3.35853e-6
3.6774e-6
4.02257e-6
4.39593e-6
4.79951e-6
5.23539e-6
5.70586e-6
6.21347e-6
6.76067e-6
7.35018e-6
7.9849e-6
8.66798e-6
9.40273e-6
0.0000101924
0.0000110407
0.0000119514
0.0000129289
0.0000139773
0.0000151013
0.0000163057
0.0000175956
0.0000189763
0.0000204535
0.0000220331
0.0000237213
0.0000255248
0.00002745
0.0000295038
0.0000316934
0.0000340267
0.0000365105
0.0000391517
0.0000419577
0.0000449349
0.0000480892
0.0000514265
0.0000549506
0.0000586646
0.0000625694
0.0000666657
0.0000709544
0.0000754268
0.0000800828
0.0000849141
0.0000899158
