111 1 1 12
1.66337e-11
2.1915e-11
2.86222e-11
3.71157e-11
4.78495e-11
6.13917e-11
7.84512e-11
9.99154e-11
1.26894e-10
1.60774e-10
2.03279e-10
2.56556e-10
3.23309e-10
4.06855e-10
5.11363e-10
6.41976e-10
8.05033e-10
1.00834e-9
1.26149e-9
1.5761e-9
1.96621e-9
2.4486e-9
3.04313e-9
3.77313e-9
4.66546e-9
5.75071e-9
7.06304e-9
8.64017e-9
1.05228e-8
1.27545e-8
1.53809e-8
1.84495e-8
2.20095e-8
2.61124e-8
3.08115e-8
3.61635e-8
4.2229e-8
4.90733e-8
5.67692e-8
6.53962e-8
7.50428e-8
8.58082e-8
9.78022e-8
1.11146e-7
1.25973e-7
1.42433e-7
1.60685e-7
1.80904e-7
2.03282e-7
2.28023e-7
2.55349e-7
2.85501e-7
3.18737e-7
3.55328e-7
3.95572e-7
4.39786e-7
4.88308e-7
5.41503e-7
5.99753e-7
6.63472e-7
7.33113e-7
8.0914e-7
8.92047e-7
9.82393e-7
1.08075e-6
1.18771e-6
1.30392e-6
1.43012e-6
1.56703e-6
1.71541e-6
1.87613e-6
2.05008e-6
2.23823e-6
2.44153e-6
2.6611e-6
2.89808e-6
3.15369e-6
3.42915e-6
3.72593e-6
4.04544e-6
4.38926e-6
4.75893e-6
5.15621e-6
5.58294e-6
6.04107e-6
6.53264e-6
7.05982e-6
7.62494e-6
8.23034e-6
8.8786e-6
9.57241e-6
0.0000103146
0.000011108
0.0000119557
0.0000128608
0.0000138265
0.0000148563
0.0000159534
0.0000171211
0.0000183631
0.000019682
0.0000210806
0.0000225622
0.0000241282
0.0000257812
0.0000275212
0.0000293497
0.0000312659
0.0000332692
0.0000353578
0.0000375289
