111 1 1 12
1.54945e-11
2.04595e-11
2.67732e-11
3.47775e-11
4.49027e-11
5.7688e-11
7.3807e-11
9.4102e-11
1.19628e-10
1.51703e-10
1.91968e-10
2.42466e-10
3.05753e-10
3.85047e-10
4.84269e-10
6.08347e-10
7.63341e-10
9.56727e-10
1.19767e-9
1.49735e-9
1.86924e-9
2.32952e-9
2.89738e-9
3.5954e-9
4.4497e-9
5.49011e-9
6.75019e-9
8.26708e-9
1.00813e-8
1.22361e-8
1.47774e-8
1.77534e-8
2.12142e-8
2.52122e-8
2.98023e-8
3.50429e-8
4.09956e-8
4.77276e-8
5.53129e-8
6.38322e-8
7.33754e-8
8.40424e-8
9.59433e-8
1.09199e-7
1.23946e-7
1.4033e-7
1.58512e-7
1.78667e-7
2.00987e-7
2.25673e-7
2.52951e-7
2.83059e-7
3.16253e-7
3.52806e-7
3.93013e-7
4.37194e-7
4.85684e-7
5.38849e-7
5.9707e-7
6.60761e-7
7.30373e-7
8.06372e-7
8.89251e-7
9.79568e-7
1.0779e-6
1.18482e-6
1.30101e-6
1.42717e-6
1.56405e-6
1.71239e-6
1.87307e-6
2.04698e-6
2.23508e-6
2.43833e-6
2.65785e-6
2.89477e-6
3.15033e-6
3.42573e-6
3.72244e-6
4.04188e-6
4.38563e-6
4.75522e-6
5.15241e-6
5.57905e-6
6.03708e-6
6.52854e-6
7.05562e-6
7.62062e-6
8.2259e-6
8.87402e-6
9.56769e-6
0.0000103097
0.0000111029
0.0000119505
0.0000128554
0.0000138209
0.0000148505
0.0000159474
0.0000171149
0.0000183567
0.0000196754
0.0000210738
0.000022555
0.0000241209
0.0000257736
0.0000275136
0.0000293416
0.0000312578
0.00003326
0.0000353477
0.0000375188
