111 1 1 12
7.51962e-12
1.02915e-11
1.39023e-11
1.85725e-11
2.45792e-11
3.22697e-11
4.20804e-11
5.45578e-11
7.03885e-11
9.04336e-11
1.15774e-10
1.47767e-10
1.88115e-10
2.38957e-10
3.03013e-10
3.83574e-10
4.84856e-10
6.12083e-10
7.71729e-10
9.71765e-10
1.22214e-9
1.53487e-9
1.92466e-9
2.4092e-9
3.00974e-9
3.75137e-9
4.66362e-9
5.78064e-9
7.14161e-9
8.79097e-9
1.07783e-8
1.31584e-8
1.59913e-8
1.93418e-8
2.32796e-8
2.78793e-8
3.32201e-8
3.93862e-8
4.64659e-8
5.45543e-8
6.37518e-8
7.41655e-8
8.591e-8
9.9108e-8
1.13893e-7
1.30408e-7
1.48805e-7
1.69254e-7
1.91934e-7
2.17043e-7
2.44788e-7
2.75401e-7
3.09128e-7
3.46233e-7
3.87005e-7
4.31752e-7
4.80807e-7
5.34526e-7
5.93286e-7
6.57501e-7
7.27621e-7
8.04099e-7
8.87436e-7
9.78193e-7
1.07693e-6
1.18423e-6
1.30078e-6
1.42729e-6
1.56448e-6
1.7131e-6
1.87405e-6
2.04823e-6
2.23656e-6
2.44005e-6
2.65977e-6
2.8969e-6
3.15263e-6
3.42822e-6
3.72512e-6
4.04471e-6
4.38861e-6
4.75836e-6
5.1557e-6
5.58249e-6
6.04069e-6
6.53227e-6
7.05952e-6
7.62467e-6
8.2301e-6
8.87839e-6
9.57223e-6
0.0000103144
0.0000111078
0.0000119556
0.0000128607
0.0000138264
0.0000148562
0.0000159533
0.000017121
0.000018363
0.0000196819
0.0000210806
0.0000225621
0.0000241281
0.0000257811
0.0000275212
0.0000293496
0.0000312658
0.0000332691
0.0000353578
0.0000375289
