# 1000 rows, 3 columns : energy (GeV), meson, baryon sigma (mb)
1.000000000000000000e+01 3.883564617000526482e+02 5.445643381810599521e+02
1.016265089392994625e+01 3.875158478282269812e+02 5.430494077098215939e+02
1.032794731918951392e+01 3.824618799485490968e+02 5.407593508536594982e+02
1.049593230558227752e+01 3.897923314242063952e+02 5.411890693489656314e+02
1.066664958279539377e+01 3.865747854254728395e+02 5.411413728397204750e+02
1.084014359178330977e+01 3.844634248612625242e+02 5.371348943811557319e+02
1.101645949633656407e+01 3.844253083892120912e+02 5.459399773816548986e+02
1.119564319483878201e+01 3.779562972337654969e+02 5.469655395143096257e+02
1.137774133221491368e+01 3.899187492537955677e+02 5.339697915056980264e+02
1.156280131207375916e+01 3.865552371152981550e+02 5.417889242799057001e+02
1.175087130904807609e+01 3.839694302104475128e+02 5.379223961798079472e+02
1.194200028133531966e+01 3.809065855411618031e+02 5.468259829324010752e+02
1.213623798344240612e+01 3.851486484625380058e+02 5.431747341874410040e+02
1.233363497913775930e+01 3.838010831104290901e+02 5.417690756224109236e+02
1.253424265461400111e+01 3.778703724038638256e+02 5.468954940336900563e+02
1.273811323186478539e+01 3.819225077040944143e+02 5.465813757659882413e+02
1.294529978227915379e+01 3.882619518577307076e+02 5.406363643495014912e+02
1.315585624045704449e+01 3.887213018859284830e+02 5.477202784091923604e+02
1.336983741824946570e+01 3.926590503805834942e+02 5.384542694269324556e+02
1.358729901902709791e+01 3.789921496326384727e+02 5.415528965370161814e+02
1.380829765218092398e+01 3.865904169116317917e+02 5.579250839516157612e+02
1.403289084785872376e+01 3.873279154379715692e+02 5.426338306577124513e+02
1.426113707194128999e+01 3.842763791921034340e+02 5.439015684961185571e+02
1.449309574126216660e+01 3.873263164624651722e+02 5.468365229182377334e+02
1.472882723907502545e+01 3.922603356914563619e+02 5.426539688349351991e+02
1.496839293077255562e+01 3.818734496244473462e+02 5.410500418425733642e+02
1.521185517986104863e+01 3.835590083000562345e+02 5.436918581909501427e+02
1.545927736419477760e+01 3.846723914204018797e+02 5.559420043306865864e+02
1.571072389247450474e+01 3.887449185961912121e+02 5.461584168999070243e+02
1.596626022101425946e+01 3.952586633333624491e+02 5.458406579840328732e+02
1.622595287078087267e+01 3.880363285215710221e+02 5.502400715301902210e+02
1.648986944471064930e+01 3.883624510003982095e+02 5.374581774962374539e+02
1.675807864530768043e+01 3.882015777570993578e+02 5.423464181551084948e+02
1.703065029252844198e+01 3.908318054001653650e+02 5.389764719360422305e+02
1.730765534195725053e+01 3.932036637976763132e+02 5.401520729625347030e+02
1.758916590327732621e+01 3.874988452631613427e+02 5.394013591704813280e+02
1.787525525904235479e+01 3.864187278466376938e+02 5.440482346554321111e+02
1.816599788375327762e+01 3.852316824314014525e+02 5.381836274676905987e+02
1.846146946324547500e+01 3.991550442857612779e+02 5.440325509228190413e+02
1.876174691439120323e+01 3.933112880323151330e+02 5.461459031563871349e+02
1.906690840512251839e+01 3.894798136151443941e+02 5.318176165302219260e+02
1.937703337477988796e+01 3.903249948611816649e+02 5.525306434740286932e+02
1.969220255479172366e+01 3.956681094001608017e+02 5.439890696396297471e+02
2.001249798969037030e+01 3.877041293880917010e+02 5.481440195876987218e+02
2.033800305846980905e+01 3.816717796584981670e+02 5.499456321089697894e+02
2.066880249629081945e+01 3.961402940306390974e+02 5.387098754071467965e+02
2.100498241653915343e+01 3.917463251958533306e+02 5.385511486474099456e+02
2.134663033324244452e+01 3.952289535429186458e+02 5.495421463170903280e+02
2.169383518385184217e+01 3.983196386165186027e+02 5.370149528287771545e+02
2.204668735239408761e+01 3.881747237468510434e+02 5.455540335015172104e+02
2.240527869300018082e+01 3.908211218118050851e+02 5.488406948994534105e+02
2.276970255381679920e+01 3.927990044387988746e+02 5.409620046218537937e+02
2.314005380130652867e+01 3.920926422089897301e+02 5.503378977452669005e+02
2.351642884494348706e+01 3.866276116602762158e+02 5.460066039020549624e+02
2.389892566231050353e+01 3.927284545258564776e+02 5.498519061080100983e+02
2.428764382460450477e+01 3.976632347728720447e+02 5.524481619747474497e+02
2.468268452255692580e+01 3.950791776985774959e+02 5.493925589414124033e+02
2.508415059277539783e+01 3.914006403455862824e+02 5.515609154077062612e+02
2.549214654451423101e+01 3.967262071041880063e+02 5.476181848355370221e+02
2.590677858688008683e+01 3.892684072500156844e+02 5.371115342433024580e+02
2.632815465648021203e+01 4.001773146909101797e+02 5.473877355127845021e+02
2.675638444552045314e+01 3.973098109999317558e+02 5.470667417932526178e+02
2.719157943036017500e+01 3.943361787312696265e+02 5.452562560558652649e+02
2.763385290053169996e+01 3.915612058666262101e+02 5.519277673581132149e+02
2.808331998823172526e+01 3.892342881277762672e+02 5.530346603682697832e+02
2.854009769829238863e+01 3.910268030463290074e+02 5.451727356792905539e+02
2.900430493863991543e+01 3.910973094928374394e+02 5.486040611752664518e+02
2.947606255124857100e+01 3.959662729232481979e+02 5.541591254381796716e+02
2.995549334359813187e+01 3.932312628315352185e+02 5.481958674124269919e+02
3.044272212064302607e+01 4.001972932474744198e+02 5.484252095739678907e+02
3.093787571730138453e+01 3.948558891862476798e+02 5.563352766089633405e+02
3.144108303147264749e+01 3.917220590698103706e+02 5.468123147608463341e+02
3.195247505759212103e+01 3.975565205351264240e+02 5.568655710794546394e+02
3.247218492073128715e+01 3.958682366237140968e+02 5.627586275255195005e+02
3.300034791125285238e+01 3.905356385581078484e+02 5.627582199832500010e+02
3.353710152002930300e+01 3.938008216785635796e+02 5.557492904344217095e+02
3.408258547423452001e+01 3.981793307651327609e+02 5.542814085586389865e+02
3.463694177371732508e+01 3.905160179995819476e+02 5.588999252415585488e+02
3.520031472796679139e+01 3.895617159541811816e+02 5.558358085888397682e+02
3.577285099367873755e+01 3.970558941495569911e+02 5.490530271435632130e+02
3.635469961293319585e+01 4.038865958630157138e+02 5.532473023864113202e+02
3.694601205199302285e+01 4.005077764141025796e+02 5.535829804624586359e+02
3.754694224073336528e+01 3.897907360104476311e+02 5.468698578038948881e+02
3.815764661271248315e+01 4.028995255255284746e+02 5.655799443416871100e+02
3.877828414589457395e+01 4.008064702809090818e+02 5.567006222476891253e+02
3.940901640403449591e+01 4.019255715613069242e+02 5.544780860668531659e+02
4.005000757873611406e+01 3.966320097732387353e+02 5.559323801852507358e+02
4.070142453219438750e+01 3.962432641698810016e+02 5.578358555116539037e+02
4.136343684063273685e+01 3.952545242565799413e+02 5.529874591227627434e+02
4.203621683844713885e+01 4.087606836678826880e+02 5.602210696380531090e+02
4.271993966306779100e+01 4.027267419245228552e+02 5.470514328009688825e+02
4.341478330055092272e+01 4.022210281867687627e+02 5.550229428973767654e+02
4.412092863191190162e+01 4.033922266171081787e+02 5.600380095780769807e+02
4.483855948021186322e+01 3.910878456583829461e+02 5.614649075482747094e+02
4.556786265841063965e+01 4.058425157071295644e+02 5.588123309212895720e+02
4.630902801799739166e+01 3.979138904929508840e+02 5.623619281820042488e+02
4.706224849841281355e+01 3.990895716607457757e+02 5.657567136973253810e+02
4.782772017727485547e+01 3.977092168525132365e+02 5.538712609611765174e+02
4.860564232142133534e+01 3.986230455709556395e+02 5.631485163166885286e+02
4.939621743878320359e+01 3.912077566022726955e+02 5.646666999431191698e+02
5.019965133110081723e+01 3.971568045422912405e+02 5.594833312181340261e+02
5.101615314749833630e+01 3.977675812469411767e+02 5.581499705198115180e+02
5.184593543892913203e+01 4.001068882694077047e+02 5.505274499695358372e+02
5.268921421350671608e+01 4.046850346593637369e+02 5.644195999834613531e+02
5.354620899273607648e+01 4.044525680153518010e+02 5.560275259032879376e+02
5.441714286865889960e+01 4.004575916337061585e+02 5.608661148740507087e+02
5.530224256192899901e+01 4.001847644286700074e+02 5.649747875457176178e+02
5.620173848083187806e+01 4.010614485580317137e+02 5.668184690252443261e+02
5.711586478126432098e+01 4.048129344391358586e+02 5.524188716082602468e+02
5.804485942768977935e+01 4.153412737683739806e+02 5.621716874892470059e+02
5.898896425508496577e+01 3.991787112911954409e+02 5.672302489740962983e+02
5.994842503189408944e+01 4.007343879411977241e+02 5.664114344846791482e+02
6.092349152400711887e+01 4.015823881248808220e+02 5.698575668655505524e+02
6.191441755977844252e+01 4.033062462104641099e+02 5.575251418890616151e+02
6.292146109610344240e+01 3.990438217418982276e+02 5.637924388577022228e+02
6.394488428556942949e+01 4.100083601093544985e+02 5.646373245400053520e+02
6.498495354469888241e+01 4.020831435689221394e+02 5.662207466966001448e+02
6.604193962330305112e+01 4.065849424725651602e+02 5.686850880199775702e+02
6.711611767496283676e+01 4.022252545288382066e+02 5.745615728414471732e+02
6.820776732865685688e+01 4.078307816909362487e+02 5.701681559241311561e+02
6.931717276155407603e+01 4.041196097298563927e+02 5.617495801302096652e+02
7.044462277299037112e+01 4.074823107668705688e+02 5.603412567484264173e+02
7.159041085964888396e+01 4.087452355221796552e+02 5.737663026809091207e+02
7.275483529196229426e+01 4.047371218432629121e+02 5.610098578848344459e+02
7.393819919175865607e+01 4.049275910550589401e+02 5.600478169098915942e+02
7.514081061116969806e+01 4.070263026130324988e+02 5.632552258468391528e+02
7.636298261282242095e+01 4.056523163574487398e+02 5.719140486662547573e+02
7.760503335133570602e+01 4.059229341965709636e+02 5.665810702143470508e+02
7.886728615614151749e+01 4.116031389141465411e+02 5.708142507315764078e+02
8.015006961565404708e+01 4.133696186269937698e+02 5.680642018822605905e+02
8.145371766280744907e+01 4.106557293356963783e+02 5.742436234249445306e+02
8.277856966198471866e+01 4.099935782294998603e+02 5.705941958676405648e+02
8.412497049736118981e+01 4.168523391570264494e+02 5.771251142401123388e+02
8.549327066268379838e+01 4.083026202708164192e+02 5.673916489642551824e+02
8.688382635251184638e+01 4.106094090081923014e+02 5.758486377665502687e+02
8.829699955494092478e+01 4.140766766308314573e+02 5.731817750452064502e+02
8.973315814583520478e+01 3.994655259299419754e+02 5.773530026665903279e+02
9.119267598459298085e+01 4.102941470755176852e+02 5.745513774657698605e+02
9.267593301146878559e+01 4.093994330662178527e+02 5.715544903991840329e+02
9.418331534647951742e+01 4.084291610468968088e+02 5.695654128292160294e+02
9.571521538991865441e+01 4.064170822029839769e+02 5.725430118138922353e+02
9.727203192450537017e+01 4.123110179420975783e+02 5.698056136555391049e+02
9.885417021919573699e+01 4.052025968916310035e+02 5.778235105019359708e+02
1.004620421346813117e+02 4.127695653848093684e+02 5.752779338672223730e+02
1.020960662306046487e+02 4.086185941226589193e+02 5.775932686969792940e+02
1.037566678745185982e+02 4.190288492781444347e+02 5.824808602904957979e+02
1.054442793526168458e+02 4.096651593251162353e+02 5.769242085352973390e+02
1.071593399822671131e+02 4.125929600174680445e+02 5.858335524327765143e+02
1.089022962263730534e+02 4.102894448908421623e+02 5.666902636284852406e+02
1.106736018095973435e+02 4.110065264038621535e+02 5.797844993033604624e+02
1.124737178364751884e+02 4.160254646737780035e+02 5.854821998910828142e+02
1.143031129114478688e+02 4.178577580817135981e+02 5.776971857694124992e+02
1.161622632608501817e+02 4.048275418036672590e+02 5.782632576955036257e+02
1.180516528568805512e+02 4.158098564413303961e+02 5.912303674935782283e+02
1.199717735435884265e+02 4.127462807122217328e+02 5.796799202020862367e+02
1.219231251649110703e+02 4.176478219932724301e+02 5.787742715235625610e+02
1.239062156947915696e+02 4.124138799766184320e+02 5.740387576457302430e+02
1.259215613694150875e+02 4.196031884387065816e+02 5.890260586950975039e+02
1.279696868215941663e+02 4.106952821893099781e+02 5.839380970662762138e+02
1.300511252173409957e+02 4.128439109669069467e+02 5.820338344103063264e+02
1.321664183946605249e+02 4.159321833961820403e+02 5.861496169706372257e+02
1.343161170046015229e+02 4.118486641149976322e+02 5.802620942733616403e+02
1.365007806546013853e+02 4.199208516645689429e+02 5.773099251127840716e+02
1.387209780541620887e+02 4.168403001153163814e+02 5.824528075621764174e+02
1.409772871628967721e+02 4.188635565280732749e+02 5.834465053902059708e+02
1.432702953409830968e+02 4.209055731039509851e+02 5.836684989766287117e+02
1.456005995020648527e+02 4.173246624340761741e+02 5.924918739898389504e+02
1.479688062686396393e+02 4.229926037734809938e+02 5.866820278921512681e+02
1.503755321299738341e+02 4.240681586259115647e+02 5.880597260859266271e+02
1.528214036025870826e+02 4.172347276462259060e+02 5.868837619127399421e+02
1.553070573933460139e+02 4.133780844962958554e+02 5.891602592418224731e+02
1.578331405652116359e+02 4.197918397201809739e+02 5.849108255469462847e+02
1.604003107056819886e+02 4.241348769428892638e+02 5.799635642229434325e+02
1.630092360979741102e+02 4.151506167829540459e+02 5.875085794363927789e+02
1.656605958949915305e+02 4.185591507320174856e+02 5.828664757106070056e+02
1.683550802961202351e+02 4.224264519224155947e+02 5.975240469868913351e+02
1.710933907269013332e+02 4.276274896807277628e+02 5.911876593124333112e+02
1.738762400216250512e+02 4.237133474401452986e+02 5.941027082055190931e+02
1.767043526088946521e+02 4.197682229588216956e+02 5.921837019173702856e+02
1.795784647002096790e+02 4.213537097312565720e+02 5.868353844302885136e+02
1.824993244816152469e+02 4.224823046995409186e+02 5.929332476553486231e+02
1.854676923084697648e+02 4.255033394150310073e+02 5.932399584398056049e+02
1.884843409033795467e+02 4.230584635587796924e+02 5.864138729394119309e+02
1.915500555573527777e+02 4.158135558847021684e+02 5.967876039663739220e+02
1.946656343342263256e+02 4.271020694553362773e+02 5.866591132385624405e+02
1.978318882784164430e+02 4.252497137082060021e+02 5.851348742223559611e+02
2.010496416260496915e+02 4.220819835491519143e+02 5.958084650765844117e+02
2.043197320195270379e+02 4.238277054793213097e+02 5.933436864551409826e+02
2.076430107255774828e+02 4.214948380829771963e+02 5.909579282803313163e+02
2.110203428568596564e+02 4.284164906375011697e+02 5.880213274305913274e+02
2.144526075971667467e+02 4.214521756104842325e+02 5.958456610942434963e+02
2.179406984302953560e+02 4.227543499784133587e+02 5.807071715041454354e+02
2.214855233726359245e+02 4.331454686131800713e+02 5.987694304133599417e+02
2.250880052095461679e+02 4.239177271229862640e+02 5.786788836756766159e+02
2.287490817355703996e+02 4.265369875549992003e+02 5.963239721965261424e+02
2.324697059985647911e+02 4.295499215193756868e+02 6.002293296595094034e+02
2.362508465477945094e+02 4.274260312723132529e+02 5.966320201249708362e+02
2.400934876860651741e+02 4.229966420362880513e+02 5.983197597724793013e+02
2.439986297259550270e+02 4.214906375885419720e+02 5.933843645425002933e+02
2.479672892502159982e+02 4.369341385089486494e+02 5.989372110154184838e+02
2.520004993764092092e+02 4.294310802442266777e+02 5.969697966976588077e+02
2.560993100258456820e+02 4.257846752744632113e+02 5.994079626210145761e+02
2.602647881969004402e+02 4.346236805999633361e+02 6.060063041685913277e+02
2.644980182427719910e+02 4.299892701727375197e+02 5.987355884219894051e+02
2.688001021537607471e+02 4.266989037628337087e+02 5.972608185617270919e+02
2.731721598441376386e+02 4.245950833874947534e+02 5.977342256664305751e+02
2.776153294436797978e+02 4.299586516506965381e+02 5.948107615608511196e+02
2.821307675939470982e+02 4.277256820814628782e+02 5.869417092747628431e+02
2.867196497493769698e+02 4.325595979277743481e+02 5.958203580089736988e+02
2.913831704832788887e+02 4.361024687681776868e+02 6.094271377204752298e+02
2.961225437988034628e+02 4.358739033821157136e+02 6.017478075101327022e+02
3.009390034449721156e+02 4.296023090795949884e+02 6.061077236993018005e+02
3.058338032378431421e+02 4.331212718361088605e+02 6.089293212143307983e+02
3.108082173869063922e+02 4.335296159610031168e+02 5.974114185581353240e+02
3.158635408267819003e+02 4.303859716218181575e+02 6.042436819495608233e+02
3.210010895543171614e+02 4.283448148059742380e+02 6.045874312154536483e+02
3.262222009711670125e+02 4.379465232143145954e+02 6.100972593639530714e+02
3.315282342319423492e+02 4.337009304682995321e+02 6.068600012571582738e+02
3.369205705980266998e+02 4.303403164390459210e+02 6.047786083384530684e+02
3.424006137971425687e+02 4.319753662598611186e+02 6.099107670057078394e+02
3.479697903887691268e+02 4.337708015638331176e+02 6.039976062904239598e+02
3.536295501355043029e+02 4.371248939467284913e+02 6.052228823749446747e+02
3.593813663804625662e+02 4.319352808593957320e+02 6.124834314806813609e+02
3.652267364308175388e+02 4.363506186632030222e+02 6.149273622994636526e+02
3.711671819475766938e+02 4.327811766055260136e+02 6.109504732783600502e+02
3.772042493416997218e+02 4.417467686654244972e+02 6.014177533016809321e+02
3.833395101766601556e+02 4.430054783989519933e+02 6.145670558023568901e+02
3.895745615775501278e+02 4.331454210674320393e+02 6.164757543084879217e+02
3.959110266468458690e+02 4.359844387297606545e+02 6.199306275257440575e+02
4.023505548869293307e+02 4.419231161869869311e+02 6.099727469343706616e+02
4.088948226294864412e+02 4.354161693752529345e+02 6.144668154374471669e+02
4.155455334718875520e+02 4.362524244626346217e+02 6.103131676931589027e+02
4.223044187206672291e+02 4.364500549910029008e+02 6.202741946024079880e+02
4.291732378422157694e+02 4.438964568900507288e+02 6.077204583005079712e+02
4.361537789208005620e+02 4.367030302921196494e+02 6.146006340752222741e+02
4.432478591240400760e+02 4.379235373462294660e+02 6.187608434872760199e+02
4.504573251759458685e+02 4.357645398763450544e+02 6.179956919678836584e+02
4.577840538376616450e+02 4.403105914500861786e+02 6.117791045033808359e+02
4.652299523960189163e+02 4.446273619461148314e+02 6.185684348931666818e+02
4.727969591600390800e+02 4.381737856834150762e+02 6.173259952925088783e+02
4.804870439655134078e+02 4.462476852854723006e+02 6.198138342827022598e+02
4.883022086877879815e+02 4.402164458011189367e+02 6.146405010475434665e+02
4.962444877628913673e+02 4.417803858473724290e+02 6.249933076061738575e+02
5.043159487171358819e+02 4.375590790161583072e+02 6.220881232049838445e+02
5.125186927053332511e+02 4.373116593431136039e+02 6.146996346017448332e+02
5.208548550577665992e+02 4.412012135607689061e+02 6.193928831273566402e+02
5.293266058360561601e+02 4.408505758774597325e+02 6.170925262782399159e+02
5.379361503980697989e+02 4.415667739332636188e+02 6.148994864372040183e+02
5.466857299720180663e+02 4.466026142786486730e+02 6.216741291411041175e+02
5.555776222398877735e+02 4.397304907088068830e+02 6.233676915498641620e+02
5.646141419303672819e+02 4.524869722475360732e+02 6.208425496581729703e+02
5.737976414214133456e+02 4.437217015129263586e+02 6.225958165224259346e+02
5.831305113526218520e+02 4.372611866495652748e+02 6.297324697451309703e+02
5.926151812475552560e+02 4.473975138852246118e+02 6.180059549996656187e+02
6.022541201461928040e+02 4.476202557046208881e+02 6.164856597260749140e+02
6.120498372476703253e+02 4.481170170904187557e+02 6.211957636313801459e+02
6.220048825634711420e+02 4.412543460857150421e+02 6.261521835473056399e+02
6.321218475812448787e+02 4.381815712253171000e+02 6.191066427993621346e+02
6.424033659394191318e+02 4.532488733821315350e+02 6.309493273751789957e+02
6.528521141127847613e+02 4.499047132114785086e+02 6.254543609171732896e+02
6.634708121092351121e+02 4.504195093674176178e+02 6.233260946869160080e+02
6.742622241778342413e+02 4.490228382707283004e+02 6.279554706797632662e+02
6.852291595284057166e+02 4.432378467899443990e+02 6.397647399466663956e+02
6.963744730628221760e+02 4.570113632173232645e+02 6.232542194746766882e+02
7.077010661181889191e+02 4.469154229451622200e+02 6.243021139902933783e+02
7.192118872221193442e+02 4.466844686646489322e+02 6.342255764508703351e+02
7.309099328602910646e+02 4.538037881354978822e+02 6.292063598148879464e+02
7.427982482564910924e+02 4.430932457939634901e+02 6.308452703019212322e+02
7.548799281653431308e+02 4.476883960759807337e+02 6.241977080810424923e+02
7.671581176779302496e+02 4.550459152972806578e+02 6.373189186355888296e+02
7.796360130405237214e+02 4.519925524166602600e+02 6.303170325483242777e+02
7.923168624866253822e+02 4.540746488969476786e+02 6.341972598857144021e+02
8.052039670825470239e+02 4.518544533551713585e+02 6.191572372682838932e+02
8.183006815867389605e+02 4.471239308962316272e+02 6.380355866474195636e+02
8.316104153230961629e+02 4.562529946670916843e+02 6.372734684636496922e+02
8.451366330684721788e+02 4.530804137029206800e+02 6.309953931733576837e+02
8.588828559546249153e+02 4.513716884479584337e+02 6.285698315368949807e+02
8.728526623848371173e+02 4.551544204088330616e+02 6.378886485458561992e+02
8.870496889654402821e+02 4.516907735270041258e+02 6.312375714336379815e+02
9.014776314524917780e+02 4.499295964323839030e+02 6.315643656008218159e+02
9.161402457138520958e+02 4.548811580500570244e+02 6.299907291924307629e+02
9.310413487069075700e+02 4.515149981704501556e+02 6.265622694234403980e+02
9.461848194721992513e+02 4.574076747669413976e+02 6.325715146123936847e+02
9.615746001432095227e+02 4.552760717601608462e+02 6.365580717820963628e+02
9.772146969725724830e+02 4.612882606509114680e+02 6.372304322825582403e+02
9.931091813749800394e+02 4.576329353342711670e+02 6.386553774602389240e+02
1.009262190987047347e+03 4.585585998091223701e+02 6.393276070326969602e+02
1.025677930744421928e+03 4.566807019505062613e+02 6.301855925886725345e+02
1.042360673976401131e+03 4.618155756709064121e+02 6.289081487665504255e+02
1.059314763518370000e+03 4.597064305306198548e+02 6.450412322561842302e+02
1.076544612842315928e+03 4.562479368003109812e+02 6.441048812089723015e+02
1.094054707205742488e+03 4.558706421164540643e+02 6.367418917448004549e+02
1.111849604819271008e+03 4.572063903649320764e+02 6.361129696715127011e+02
1.129933938033221693e+03 4.646323430565631725e+02 6.416733876177343063e+02
1.148312414543511068e+03 4.585792982365374542e+02 6.430280365328791277e+02
1.166989818617147421e+03 4.645993213718734864e+02 6.424520772507497668e+02
1.185971012337669436e+03 4.617684248078309679e+02 6.373051102825802445e+02
1.205260936870842670e+03 4.550491956369464788e+02 6.477684949965537271e+02
1.224864613750930630e+03 4.548203905070834026e+02 6.459171841697994978e+02
1.244787146187906046e+03 4.600755329033206067e+02 6.447892823813319865e+02
1.265033720395903856e+03 4.623935801694570387e+02 6.526023905398183160e+02
1.285609606943295148e+03 4.655495191428462931e+02 6.527647758728729741e+02
1.306520162124721310e+03 4.633661760742176625e+02 6.453683117318385030e+02
1.327770829355428987e+03 4.563762356193638539e+02 6.457077223514556863e+02
1.349367140588306484e+03 4.708303182080032343e+02 6.414345746465821776e+02
1.371314717753945615e+03 4.600422579770320795e+02 6.468965484689621235e+02
1.393619274224142146e+03 4.603629098872477812e+02 6.590001518194321761e+02
1.416286616299198840e+03 4.680552602156407147e+02 6.579497822322852016e+02
1.439322644719406526e+03 4.598074216528211196e+02 6.369966620854173698e+02
1.462733356201129936e+03 4.702888072795199719e+02 6.512169854422957087e+02
1.486524844997857144e+03 4.582961797166811948e+02 6.462564261974677038e+02
1.510703304486654133e+03 4.638629157825168363e+02 6.512530326893827350e+02
1.535275028780422645e+03 4.627305590114667098e+02 6.467662765915493992e+02
1.560246414366369663e+03 4.643669351236807188e+02 6.514267628939493306e+02
1.585623961771137147e+03 4.663069929756087504e+02 6.531628254280759620e+02
1.611414277253019918e+03 4.655403740567332989e+02 6.511803097491361996e+02
1.637624074521687362e+03 4.571655759727645432e+02 6.646613603893509890e+02
1.664260176485903685e+03 4.636819963744042639e+02 6.539571614014890883e+02
1.691329517029648741e+03 4.727646288028968229e+02 6.662903824259182102e+02
1.718839142817145557e+03 4.689419158143885511e+02 6.501707861985310046e+02
1.746796215127245659e+03 4.768190107997670566e+02 6.555119647806034209e+02
1.775208011717634236e+03 4.675304421282353360e+02 6.627948916822068668e+02
1.804081928719382859e+03 4.731684107323819148e+02 6.490590863784760813e+02
1.833425482562290654e+03 4.687394044827083803e+02 6.528257977837787394e+02
1.863246311931559831e+03 4.637894445611467518e+02 6.602982359535752721e+02
1.893552179756295118e+03 4.766485574605656552e+02 6.519004879238644889e+02
1.924350975230330278e+03 4.643418193944571613e+02 6.557402365315446104e+02
1.955650715865948996e+03 4.658775885503463883e+02 6.592386448178806404e+02
1.987459549580983776e+03 4.822834874448673759e+02 6.474908547778886714e+02
2.019785756819878316e+03 4.777597299102196757e+02 6.607426689422183017e+02
2.052637752709252254e+03 4.648605486230870270e+02 6.573234315813425610e+02
2.086024089248502605e+03 4.738089469872514883e+02 6.558290246874425975e+02
2.119953457536071255e+03 4.711790709887531534e+02 6.614849483974722943e+02
2.154434690031884656e+03 4.773552638996970927e+02 6.547853105353320871e+02
2.189476762856620553e+03 4.757055830546928519e+02 6.568334110274290651e+02
2.225088798128369490e+03 4.735609562023040553e+02 6.541113882874138881e+02
2.261280066337277276e+03 4.763225393592075534e+02 6.679897971441791924e+02
2.298059988758850977e+03 4.702800270771193709e+02 6.673655649617434165e+02
2.335438139906479137e+03 4.678031861128064861e+02 6.640877886693995151e+02
2.373424250023866080e+03 4.761810871550842990e+02 6.620980813800142641e+02
2.412028207618006945e+03 4.707924358024137064e+02 6.682519430874863247e+02
2.451260062033337363e+03 4.729542309659007628e+02 6.531858901745907815e+02
2.491130026067788549e+03 4.754626172923534000e+02 6.619516134070245243e+02
2.531648478631355374e+03 4.768288933345846203e+02 6.652635055023617952e+02
2.572825967447932271e+03 4.788040258581657440e+02 6.717894158861846563e+02
2.614673211801092293e+03 4.722309164778633317e+02 6.604484175827515173e+02
2.657201105324504169e+03 4.751577777302663890e+02 6.727099003957473542e+02
2.700420718837772711e+03 4.788669096905074980e+02 6.696938113339829215e+02
2.744343303228365585e+03 4.842497179333115014e+02 6.811219110892878916e+02
2.788980292380439550e+03 4.799760329044068499e+02 6.647013901816006864e+02
2.834343306151309207e+03 4.801117900235340699e+02 6.745683180174104336e+02
2.880444153396297679e+03 4.706469894125459064e+02 6.765562017842344176e+02
2.927294835042815976e+03 4.836231306657167579e+02 6.813721615300758003e+02
2.974907547214440456e+03 4.846773491520704056e+02 6.665180572448925886e+02
3.023294684405776479e+03 4.769127291434062386e+02 6.677630779512212484e+02
3.072468842709003638e+03 4.814959452798972279e+02 6.714500316985544259e+02
3.122442823092857907e+03 4.838404455159887334e+02 6.586137561264678197e+02
3.173229634734976116e+03 4.806231346161907254e+02 6.605907861211401269e+02
3.224842498408442225e+03 4.852192006944638365e+02 6.755822823077177190e+02
3.277294849923382117e+03 4.837560852368480369e+02 6.771633826715310533e+02
3.330600343624588731e+03 4.803586605330250450e+02 6.780227557157625142e+02
3.384772855945982883e+03 4.829104903289633057e+02 6.774800949612955492e+02
3.439826489022924761e+03 4.839099965339769938e+02 6.787503197057336592e+02
3.495775574363275155e+03 4.761550885971573166e+02 6.853574640512134692e+02
3.552634676578139533e+03 4.863528477601770987e+02 6.785143375476687879e+02
3.610418597173337275e+03 4.820634013528015771e+02 6.753212127602666897e+02
3.669142378402494160e+03 4.806471329087792128e+02 6.794593702324965534e+02
3.728821307182833607e+03 4.809163929421815737e+02 6.896962022087664081e+02
3.789470919074667563e+03 4.832318022771599431e+02 6.810935985698023387e+02
3.851107002325568828e+03 4.873067524770184491e+02 6.781783840245493593e+02
3.913745601980383981e+03 4.837318078244963431e+02 6.804533875695572078e+02
3.977403024058036863e+03 4.823594925022821940e+02 6.780109484625721734e+02
4.042095839796305881e+03 4.813078650389918494e+02 6.831830468552142293e+02
4.107840889965646966e+03 4.922684315225417890e+02 6.819995271148480924e+02
4.174655289253134470e+03 4.855742728487548447e+02 6.833085498565719718e+02
4.242556430717777403e+03 4.786370891387681468e+02 6.781841956459509220e+02
4.311561990318228709e+03 4.868520424707131724e+02 6.918342744453569821e+02
4.381689931514189993e+03 4.816818487568403953e+02 6.839365996944353583e+02
4.452958509942655837e+03 4.895297545535406130e+02 6.835417105706331995e+02
4.525386278170166406e+03 4.808720633676579155e+02 6.897892486045349187e+02
4.598992090522438048e+03 4.957828739368281958e+02 6.889429474604187362e+02
4.673795107992463272e+03 4.890660619092961383e+02 6.857531670267054551e+02
4.749814803228499841e+03 4.898995805168713673e+02 6.849409513536098757e+02
4.827070965603183140e+03 4.893652603338417180e+02 6.876538848281287528e+02
4.905583706365045146e+03 4.898714595248386559e+02 6.794344211995746718e+02
4.985373463873893343e+03 4.896898429816247358e+02 6.863598698562293521e+02
5.066461008921268331e+03 4.918184462671104598e+02 6.846119310637384388e+02
5.148867450137492597e+03 4.901215256384257941e+02 6.823685672880845914e+02
5.232614239486661972e+03 4.910022715782207001e+02 6.864266602331983904e+02
5.317723177850972206e+03 4.883033413504379610e+02 6.866572129304618102e+02
5.404216420705914970e+03 4.922520311399463253e+02 6.955554264606083734e+02
5.492116483887789400e+03 4.900697371233293325e+02 6.877646158956796398e+02
5.581446249454960707e+03 4.922113549694298626e+02 6.965828057901336479e+02
5.672228971644543890e+03 4.987291815312379981e+02 6.947615425767833131e+02
5.764488282925879503e+03 4.933059984366599906e+02 6.975077640602881957e+02
5.858248200152535901e+03 4.882632950961584584e+02 7.024850198424164773e+02
5.953533130814370452e+03 4.898719722831404511e+02 6.974475787991248126e+02
6.050367879391218594e+03 4.936456671861511154e+02 6.905868277409183520e+02
6.148777653810023367e+03 4.927954836952519031e+02 6.905554125812345774e+02
6.248788072006894254e+03 4.924019181232532105e+02 6.935454150244128186e+02
6.350425168595961622e+03 4.949897925465103867e+02 6.879598843254275380e+02
6.453715401646702048e+03 4.984884202630337882e+02 6.916420221285219441e+02
6.558685659571428914e+03 5.077763706541774695e+02 7.038588609188410601e+02
6.665363268124913702e+03 4.940175397276731815e+02 6.903690332952321569e+02
6.773775997517751421e+03 4.932356024144621642e+02 6.950289178677635391e+02
6.883952069645496522e+03 5.065274291278810210e+02 6.930800744686295047e+02
6.995920165435374656e+03 5.007433118246853496e+02 6.913026971181142244e+02
7.109709432312431090e+03 4.952348876200451855e+02 7.071970791007479420e+02
7.225349491787213992e+03 5.002402897164888600e+02 7.052703695278198666e+02
7.342870447166765189e+03 5.002964079515522258e+02 6.988089207128201679e+02
7.462302891391107551e+03 4.941841790499501030e+02 7.058645653599490970e+02
7.583677914997190783e+03 4.985166811623437297e+02 7.006223327937340173e+02
7.707027114212295601e+03 5.022851526849642028e+02 6.927503152766309995e+02
7.832382599179196404e+03 5.046815559801985387e+02 6.962709702588547316e+02
7.959777002314986021e+03 5.014144726231250502e+02 7.064870887461880784e+02
8.089243486805938119e+03 4.984303029239575835e+02 6.962413238053781015e+02
8.220815755240540966e+03 5.026299561588788265e+02 7.012633683136065201e+02
8.354528058382862582e+03 5.045116706945051419e+02 6.984742144821804004e+02
8.490415204088747487e+03 5.134410219465910359e+02 7.014593063735452461e+02
8.628512566366895044e+03 5.114922681716017792e+02 6.959442621613593474e+02
8.768856094587426924e+03 5.075624216989145907e+02 7.021036038473295093e+02
8.911482322840201959e+03 5.014310425554737662e+02 7.109391462172829961e+02
9.056428379445294922e+03 5.048468942445119296e+02 7.137288180412242582e+02
9.203731996618220364e+03 5.054632567428663492e+02 7.059434213541028384e+02
9.353431520292386267e+03 4.984759908961295309e+02 7.145609050887228477e+02
9.505565920101191296e+03 5.081033029272930435e+02 7.073279337299497911e+02
9.660174799522645117e+03 5.018938076337274765e+02 6.986195345391147384e+02
9.817298406188840090e+03 5.119300391166264603e+02 6.905167015517139362e+02
9.976977642363201085e+03 5.119910815804726667e+02 7.087038142541420029e+02
1.013925407558814368e+04 5.110043055687669380e+02 7.082548448457050654e+02
1.030416994950587468e+04 5.006190572428752148e+02 7.060185257951276299e+02
1.047176819485520355e+04 5.082437347428244152e+02 7.152427057845158060e+02
1.064209244064724589e+04 5.048792547214307547e+02 7.076741716564611124e+02
1.081518702552289142e+04 5.085371849786480425e+02 7.122477391231408319e+02
1.099109700929496103e+04 5.073030932914871869e+02 7.069564393644309348e+02
1.116986818467822559e+04 5.073606564174637015e+02 7.131417878811982973e+02
1.135154708920999110e+04 5.086247576340878140e+02 7.134971540150914961e+02
1.153618101736478457e+04 5.106202172208153911e+02 7.045336633769351238e+02
1.172381803286599825e+04 5.103385065014419979e+02 7.130341593585712872e+02
1.191450698119774825e+04 5.078863685821173135e+02 7.177197298455770351e+02
1.210829750232039441e+04 5.042810890246141753e+02 7.102986080781137161e+02
1.230524004359261562e+04 5.050694257485099001e+02 7.202510740289005753e+02
1.250538587290391297e+04 5.082752234746800468e+02 7.155174250600921368e+02
1.270878709202059508e+04 5.120471748331448225e+02 7.070749940066837098e+02
1.291549665014882703e+04 5.089447886321101464e+02 7.255993118689514176e+02
1.312556835771842816e+04 5.107646591046814137e+02 7.061467711964033924e+02
1.333905690039058754e+04 5.110606338551576755e+02 7.207509406802458898e+02
1.355601785329368977e+04 5.124145527613209197e+02 7.037285072050267445e+02
1.377650769549054894e+04 5.110811671453727172e+02 7.213110730474251113e+02
1.400058382468096170e+04 5.105111427772956176e+02 7.116832944468814048e+02
1.422830457214351918e+04 5.241964808291544387e+02 7.136770714692682986e+02
1.445972921792019588e+04 5.048993208620225346e+02 7.078059474145463810e+02
1.469491800624817188e+04 5.076781489369350311e+02 7.122457883784741171e+02
1.493393216124253377e+04 5.146356293151546879e+02 7.158721277592597971e+02
1.517683390283403787e+04 5.106600666817653860e+02 7.244395308957655288e+02
1.542368646296627412e+04 5.122108287751493663e+02 7.251371496954387794e+02
1.567455410205595035e+04 5.142078351422138667e+02 7.260408400392288968e+02
1.592950212572123019e+04 5.154960201917403992e+02 7.213888112952597567e+02
1.618859690178199162e+04 5.129586825566735797e+02 7.150675532649776187e+02
1.645190587753660657e+04 5.122746875912681617e+02 7.231587209446687439e+02
1.671949759731991799e+04 5.145434604094249380e+02 7.135441792643243843e+02
1.699144172034625808e+04 5.107103367541812986e+02 7.160296555409561279e+02
1.726780903884355939e+04 5.101895487469536192e+02 7.200208359718259317e+02
1.754867149648152190e+04 5.181940056855621606e+02 7.252172655458223289e+02
1.783410220710006251e+04 5.088920355664208728e+02 7.213301370678738067e+02
1.812417547374239439e+04 5.232343239938112447e+02 7.351201336946712672e+02
1.841896680799710884e+04 5.195993763420048026e+02 7.260342062344059286e+02
1.871855294965579378e+04 5.181739200452686873e+02 7.288349538442524818e+02
1.902301188668945906e+04 5.213285106733352450e+02 7.247849989216182394e+02
1.933242287555043367e+04 5.223105804900541216e+02 7.236013579853887450e+02
1.964686646180448588e+04 5.192745232367296921e+02 7.242422547987878261e+02
1.996642450109793208e+04 5.128167771722545467e+02 7.230806660193538846e+02
2.029118018046678117e+04 5.194579848464059069e+02 7.321317110266869577e+02
2.062121803999144686e+04 5.129256194589854658e+02 7.246586897599460144e+02
2.095662399480430759e+04 5.215265780821714543e+02 7.266372977294398652e+02
2.129748535745523259e+04 5.243917079412140083e+02 7.167894348719150912e+02
2.164389086064020375e+04 5.246190623341741457e+02 7.232306488087621119e+02
2.199593068030074937e+04 5.230775854993516987e+02 7.296088527960267811e+02
2.235369645909796600e+04 5.220406835663823131e+02 7.265956213722486154e+02
2.271728133026902651e+04 5.204654014274343581e+02 7.244796563378616838e+02
2.308677994187172226e+04 5.245724938462020646e+02 7.327577179761824482e+02
2.346228848142262359e+04 5.164177223606122880e+02 7.278674442731148702e+02
2.384390470093720432e+04 5.201713674727612897e+02 7.281776714846450886e+02
2.423172794237600829e+04 5.288519473826370358e+02 7.389669835004070819e+02
2.462585916350543994e+04 5.136741080440741598e+02 7.305648718082233017e+02
2.502640096417921814e+04 5.282072122006038626e+02 7.298816467038190012e+02
2.543345761304648113e+04 5.303134073071672674e+02 7.271817542556392482e+02
2.584713507469563774e+04 5.206652833445144779e+02 7.296632223341325698e+02
2.626754103723838489e+04 5.211049033284114103e+02 7.359202456618147608e+02
2.669478494034317919e+04 5.301281658699201671e+02 7.187844561219570778e+02
2.712897800372470010e+04 5.118519897333486028e+02 7.428477409340677013e+02
2.757023325609582753e+04 5.272197563494387396e+02 7.452927550797425056e+02
2.801866556459195272e+04 5.243851828429138777e+02 7.363517183350445521e+02
2.847439166467247924e+04 5.201443753284172544e+02 7.269119992687665217e+02
2.893753019050947478e+04 5.290601067568823055e+02 7.380986720801603269e+02
2.940820170587066605e+04 5.282166110409767725e+02 7.457309459382678369e+02
2.988652873550382719e+04 5.347229148896077504e+02 7.398489726761627026e+02
3.037263579703311552e+04 5.278198704260846625e+02 7.360603049731130341e+02
3.086664943337274599e+04 5.243640530125055648e+02 7.387888858709061424e+02
3.136869824566873285e+04 5.197167032225042931e+02 7.381570366530389720e+02
3.187891292677649108e+04 5.231215553485877763e+02 7.306423311100062392e+02
3.239742629528195539e+04 5.323853496239372589e+02 7.474124620758773290e+02
3.292437333007768757e+04 5.275565238817099498e+02 7.259647592572742951e+02
3.345989120549974905e+04 5.317290247492752542e+02 7.455233750786034079e+02
3.400411932703702769e+04 5.288369698691361691e+02 7.426360243618698860e+02
3.455719936762142606e+04 5.327653007332711468e+02 7.413719698160398366e+02
3.511927530450727500e+04 5.320060091299990290e+02 7.464657796147230329e+02
3.569049345675229415e+04 5.268541051289830648e+02 7.405381847519462326e+02
3.627100252330648073e+04 5.283670963746175175e+02 7.441692215007024060e+02
3.686095362172154273e+04 5.385038929033330533e+02 7.415950099439156702e+02
3.746050032748997182e+04 5.326259507349058140e+02 7.401655809528716645e+02
3.806979871402284334e+04 5.336925600997539050e+02 7.510090044779547043e+02
3.868900739327975316e+04 5.314280512768152676e+02 7.461193221744887296e+02
3.931828755705770163e+04 5.316354619895266751e+02 7.369332469261842107e+02
3.995780301895265438e+04 5.312390849227966783e+02 7.382067950135727870e+02
4.060772025700369704e+04 5.269439597523063412e+02 7.433512680287011563e+02
4.126820845702951920e+04 5.332780508922619447e+02 7.350950224079240343e+02
4.193943955667185946e+04 5.277114421291183817e+02 7.433575860831272166e+02
4.262158829015324591e+04 5.298512326578755847e+02 7.411402431833771516e+02
4.331483223376394017e+04 5.295387224390124175e+02 7.455475084841148146e+02
4.401935185208878829e+04 5.367536250589882911e+02 7.402768205970259032e+02
4.473533054498463025e+04 5.349049880786066069e+02 7.430148503671239268e+02
4.546295469532399147e+04 5.309710358127522341e+02 7.390459455313584840e+02
4.620241371751313272e+04 5.297666288065889830e+02 7.486700443304255259e+02
4.695390010680053092e+04 5.389854379495957346e+02 7.482285181713339171e+02
4.771760948938750516e+04 5.340630261713920390e+02 7.463258081243933475e+02
4.849374067335233121e+04 5.316285317545074349e+02 7.547088654436616935e+02
4.928249570040513208e+04 5.284173921651156434e+02 7.528751624449013207e+02
5.008407989848212310e+04 5.303937989228145398e+02 7.551860017786161734e+02
5.089870193519674649e+04 5.239752446804336614e+02 7.456763574697419017e+02
5.172657387216024654e+04 5.400037410034020695e+02 7.421994998486010218e+02
5.256791122018419264e+04 5.422614829361630200e+02 7.565850221248283560e+02
5.342293299538352585e+04 5.338088674415801052e+02 7.488437924166793209e+02
5.429186177618942747e+04 5.365108459805131815e+02 7.578343309109640131e+02
5.517492376129117474e+04 5.314107337832322173e+02 7.501041283327290330e+02
5.607234882852038572e+04 5.341135014274847208e+02 7.465805754269624686e+02
5.698437059469136148e+04 5.350509899116790393e+02 7.428870026830682036e+02
5.791122647641758522e+04 5.410950053606477468e+02 7.482195900835207567e+02
5.885315775191450666e+04 5.328168935868412746e+02 7.522392993411689304e+02
5.981040962380931887e+04 5.375626383485320048e+02 7.692956065649810853e+02
6.078323128297235962e+04 5.426377913105314974e+02 7.605444135892107624e+02
6.177187597338488558e+04 5.385432165838457195e+02 7.446597584681118178e+02
6.277660105806499632e+04 5.414158750048311504e+02 7.609593348591407675e+02
6.379766808606282575e+04 5.397028397104880924e+02 7.541609896197460330e+02
6.483534286054714175e+04 5.321570373006354657e+02 7.582996590320244650e+02
6.588989550799956487e+04 5.383151076563349307e+02 7.485540992224425736e+02
6.696160054853215115e+04 5.387213025162549229e+02 7.519423172059189255e+02
6.805073696735205885e+04 5.386668005591449173e+02 7.655571112489477628e+02
6.915758828738525335e+04 5.464609364870257195e+02 7.529618281518362437e+02
7.028244264308338461e+04 5.386149374372085958e+02 7.478467409219379078e+02
7.142559285543134320e+04 5.442420384282488612e+02 7.527234672642689475e+02
7.258733650817246235e+04 5.467457946548122436e+02 7.497590493689688174e+02
7.376797602527731215e+04 5.405359090564195412e+02 7.629186451605033881e+02
7.496781874966877513e+04 5.387318106002954892e+02 7.570316319105503453e+02
7.618717702322982950e+04 5.421692796545660258e+02 7.593305706231153636e+02
7.742636826811278297e+04 5.410894987939099110e+02 7.573916033850733811e+02
7.868571506936843798e+04 5.443759766385506964e+02 7.602710851288112508e+02
7.996554525892346282e+04 5.419269758786190323e+02 7.630541375117461484e+02
8.126619200091945822e+04 5.496943097716613238e+02 7.558022906687840532e+02
8.258799387844254670e+04 5.423252032738398611e+02 7.521099132721576552e+02
8.393129498166372650e+04 5.443738794799962761e+02 7.592181238969028527e+02
8.529644499741015898e+04 5.394229708538366594e+02 7.680089229598467000e+02
8.668379930019774474e+04 5.495736339953207334e+02 7.571404926419390904e+02
8.809371904473990435e+04 5.437439625287890976e+02 7.650322889975329872e+02
8.952657125996382092e+04 5.512202088814117360e+02 7.556287892844698035e+02
9.098272894455568166e+04 5.399946870840991551e+02 7.654688231695782861e+02
9.246257116405734268e+04 5.435884263092325455e+02 7.498312380154063703e+02
9.396648314954691159e+04 5.447235886341130708e+02 7.720994291875686031e+02
9.549485639791966241e+04 5.452320739253949569e+02 7.478597530891054248e+02
9.704808877380307240e+04 5.397921329559675314e+02 7.600153088039510294e+02
9.862658461312830332e+04 5.459684964996690724e+02 7.655585023802707383e+02
1.002307548283864307e+05 5.460682325311416889e+02 7.668184179509792102e+02
1.018610170155975211e+05 5.535301606261141387e+02 7.517520501323475628e+02
1.035177955630176293e+05 5.429673435354549156e+02 7.574045013399875188e+02
1.052015217616159061e+05 5.469704582479394048e+02 7.617272190871854036e+02
1.069126339173477172e+05 5.469209668755711391e+02 7.584531598056266830e+02
1.086515774652537220e+05 5.426439286359950529e+02 7.634342568517261043e+02
1.104188050854160247e+05 5.449903554752554555e+02 7.699905046395450654e+02
1.122147768207980262e+05 5.493820252256006142e+02 7.704641399159527282e+02
1.140399601970033109e+05 5.524045281127600902e+02 7.622244309619901514e+02
1.158948303439811862e+05 5.507071259738747813e+02 7.692715674344190120e+02
1.177798701197118062e+05 5.621356242749044441e+02 7.648895533705759817e+02
1.196955702359042771e+05 5.488146780186051501e+02 7.625836992835210140e+02
1.216424293857368029e+05 5.461091146854801082e+02 7.799613646002525229e+02
1.236209543736769119e+05 5.497879528609572617e+02 7.702558749483412157e+02
1.256316602474121464e+05 5.542245849315455644e+02 7.666283316856435022e+02
1.276750704319264478e+05 5.490469249219220274e+02 7.684124773963451389e+02
1.297517168657586881e+05 5.481688740190122644e+02 7.692340301551661241e+02
1.318621401394748536e+05 5.505276458254797944e+02 7.755995453461326861e+02
1.340068896363950626e+05 5.551617291455993382e+02 7.731652254978320116e+02
1.361865236756082741e+05 5.553112325603693762e+02 7.594982356894360009e+02
1.384016096573130053e+05 5.560354762535222335e+02 7.806099490318941889e+02
1.406527242105236510e+05 5.539087180567880750e+02 7.827142416801943909e+02
1.429404533431761083e+05 5.487645323820603380e+02 7.678158019268749968e+02
1.452653925946781237e+05 5.562644466588351406e+02 7.754347785535036337e+02
1.476281471909391112e+05 5.597118359907639160e+02 7.707022052421577882e+02
1.500293322019216721e+05 5.541839754354060688e+02 7.641872918370688694e+02
1.524695727017573081e+05 5.525182518179600493e+02 7.714136905673093452e+02
1.549495039314631722e+05 5.563728542232867085e+02 7.779236569147697082e+02
1.574697714643086656e+05 5.518216557905413993e+02 7.694505726278123348e+02
1.600310313738701807e+05 5.571599236895061722e+02 7.742228769738951542e+02
1.626339504048190720e+05 5.505457813283226187e+02 7.789668372167764119e+02
1.652792061464893923e+05 5.549123782638180273e+02 7.862483455196148725e+02
1.679674872092653241e+05 5.553028741837498501e+02 7.780691287439918824e+02
1.706994934038407810e+05 5.580878138445556260e+02 7.819008155081914992e+02
1.734759359233932628e+05 5.527677798394926185e+02 7.748132077854463660e+02
1.762975375287203933e+05 5.637639514136250227e+02 7.839797420655136193e+02
1.791650327363899560e+05 5.532330962022756466e+02 7.814198242834445409e+02
1.820791680099462392e+05 5.593008797672231367e+02 7.728763382893380367e+02
1.850407019542302005e+05 5.502491915906368831e+02 7.735895107509740001e+02
1.880504055128583568e+05 5.613810159237194739e+02 7.797798381648107124e+02
1.911090621689136024e+05 5.518423344228262977e+02 7.753188125873148238e+02
1.942174681489024370e+05 5.582845105257106297e+02 7.783906198048367742e+02
1.973764326300255489e+05 5.611323390528889377e+02 7.965833058645512210e+02
2.005867779508233943e+05 5.523198749551565925e+02 7.841361029699833125e+02
2.038493398252464249e+05 5.556284245607934054e+02 7.800613003878121390e+02
2.071649675602066854e+05 5.621353249121625595e+02 7.816564883399105383e+02
2.105345242766703886e+05 5.502465266762496867e+02 7.786344031580982801e+02
2.139588871343421633e+05 5.605323888446127967e+02 7.863010144128062393e+02
2.174389475600080041e+05 5.611384997057822375e+02 7.758435271715186445e+02
2.209756114795903268e+05 5.589868736296162979e+02 7.890134184442631522e+02
2.245697995539771800e+05 5.616616856232949431e+02 7.787340609937854197e+02
2.282224474186896114e+05 5.596312079305843099e+02 7.808702753886406072e+02
2.319345059274427476e+05 5.565896441518550546e+02 7.921299426164000579e+02
2.357069413996727671e+05 5.617649979288939903e+02 7.850597194330636057e+02
2.395407358720879420e+05 5.598780891885670599e+02 7.762639635287251849e+02
2.434368873543113004e+05 5.584551030335561563e+02 7.762379534329442095e+02
2.473964100886811502e+05 5.530867947494057262e+02 7.855133473166595195e+02
2.514203348142796603e+05 5.622192415380517332e+02 7.675396289267922612e+02
2.555097090352507075e+05 5.623208516338071377e+02 7.800207380580334302e+02
2.596655972934872552e+05 5.611067320902895972e+02 7.871645069032068704e+02
2.638890814457513043e+05 5.613813721715371230e+02 7.823929106715286252e+02
2.681812609453012701e+05 5.578679351238071149e+02 7.845620947294358984e+02
2.725432531281028059e+05 5.723898341599062860e+02 7.872351951559980989e+02
2.769761935036890791e+05 5.653400826788265476e+02 7.884260080701670859e+02
2.814812360507581034e+05 5.589711591456506312e+02 7.962961453672751304e+02
2.860595535175745026e+05 5.638639992593218722e+02 7.864010696599108314e+02
2.907123377272575162e+05 5.716189241882403849e+02 7.803747255767380011e+02
2.954407998880379600e+05 5.582062970610603543e+02 7.819400685958974009e+02
3.002461709085549228e+05 5.732367020736429595e+02 7.868061628613016865e+02
3.051297017182870768e+05 5.589427669591131007e+02 7.916282446668046759e+02
3.100926635931929923e+05 5.634319698365559361e+02 7.854282076672765243e+02
3.151363484866475919e+05 5.583640295375608957e+02 7.902230039789683360e+02
3.202620693657650263e+05 5.668554761523791967e+02 7.961958922801592280e+02
3.254711605531848036e+05 5.692662318746359915e+02 7.870613363565256577e+02
3.307649780744242598e+05 5.630178064069567654e+02 7.921133798709131497e+02
3.361449000108768814e+05 5.621398087051510402e+02 7.910162543949086285e+02
3.416123268585525220e+05 5.696349736778324768e+02 7.896653865889326198e+02
3.471686818926559645e+05 5.654130271281625255e+02 7.960403496323790478e+02
3.528154115380882868e+05 5.660201628184889842e+02 7.896411857862693751e+02
3.585539857459816849e+05 5.705036452083568292e+02 8.012777009173191800e+02
3.643858983763548313e+05 5.733613184534697211e+02 7.975275200963201314e+02
3.703126675869923201e+05 5.534933913931138250e+02 7.972471787205985265e+02
3.763358362286532647e+05 5.747189715965281493e+02 7.924195055061566109e+02
3.824569722466999083e+05 5.683661970865979356e+02 7.881147267489006936e+02
3.886776690892667975e+05 5.740160527321950212e+02 7.881236497241548022e+02
3.949995461220646976e+05 5.637551131623728224e+02 7.987381457570932071e+02
4.014242490499317646e+05 5.775558696300743122e+02 8.030136631579578079e+02
4.079534503452448989e+05 5.628375985157540526e+02 7.844232611380425624e+02
4.145888496832911042e+05 5.690872507997133880e+02 7.967348473382410248e+02
4.213321743847288890e+05 5.684986501970672634e+02 7.966806076648211956e+02
4.281851798652415746e+05 5.740825235591544242e+02 8.034484051042172723e+02
4.351496500925045111e+05 5.684019145526223156e+02 7.995735483174091769e+02
4.422273980505897198e+05 5.751551039600352624e+02 8.112187776815951565e+02
4.494202662119141896e+05 5.722977278390380889e+02 8.031232622888811647e+02
4.567301270168746705e+05 5.703158998308807668e+02 7.975025650084917288e+02
4.641588833612782182e+05 5.728878629011910562e+02 7.934344197417975693e+02
4.717084690917012631e+05 5.687762199979389379e+02 7.938469025846927707e+02
4.793808495089106727e+05 5.786313346339725285e+02 8.022476866575907479e+02
4.871780218794631073e+05 5.733697835669523784e+02 8.142339412834386394e+02
4.951020159556351136e+05 5.705986138528147649e+02 7.911782624660208967e+02
5.031548945038056700e+05 5.691150027171297552e+02 8.066822100925435279e+02
5.113387538414321025e+05 5.824997055372971317e+02 8.055022375768209031e+02
5.196557243827657658e+05 5.694633565039169980e+02 7.964257591667625320e+02
5.281079711934330408e+05 5.756063644458864701e+02 7.998028793315786515e+02
5.366976945540476590e+05 5.838698856890883917e+02 8.026871513368839715e+02
5.454271305329835741e+05 5.724342191695935753e+02 8.088192219208655160e+02
5.542985515684663551e+05 5.736798505550613072e+02 8.044432548346256908e+02
5.633142670601351419e+05 5.701994994826042102e+02 8.025237304602320592e+02
5.724766239702178864e+05 5.846854330666492388e+02 8.054237699004474962e+02
5.817880074344935128e+05 5.753094129715334475e+02 7.999624748245945511e+02
5.912508413831881480e+05 5.742492386889864520e+02 7.999219468162068551e+02
6.008675891719680512e+05 5.751531698525259344e+02 8.031891906047592329e+02
6.106407542232036358e+05 5.731864805298023384e+02 8.015869050582283535e+02
6.205728806776501006e+05 5.787860834289874674e+02 8.029473753096217479e+02
6.306665540567405988e+05 5.732251711644508987e+02 8.054373892108399104e+02
6.409244019356457284e+05 5.767338103290342133e+02 8.077733946839822465e+02
6.513490946272795554e+05 5.797339127092361650e+02 7.941604172525185277e+02
6.619433458774387836e+05 5.821797109801585748e+02 8.039320349917932162e+02
6.727099135712336283e+05 5.752103589237588039e+02 8.132046196052269806e+02
6.836516004510239000e+05 5.756686564096347638e+02 8.100695721359203390e+02
6.947712548460239777e+05 5.823447773752767489e+02 8.048319059080566831e+02
7.060717714137765579e+05 5.749092387381713252e+02 8.072827070996916063e+02
7.175560918936921516e+05 5.779355344323965937e+02 7.955633331111167763e+02
7.292272058728312841e+05 5.728054307395707383e+02 8.077934820457043088e+02
7.410881515641569858e+05 5.745534385025738402e+02 8.150728019980199406e+02
7.531420165974375559e+05 5.745928121919076830e+02 8.112346052512983761e+02
7.653919388230155455e+05 5.828305691931290085e+02 8.104746201125637981e+02
7.778411071286482038e+05 5.780363339121852277e+02 8.081262764220554118e+02
7.904927622696420876e+05 5.736056015748406480e+02 8.046218002501329920e+02
8.033501977124734549e+05 5.724420288038733133e+02 8.113552616015891772e+02
8.164167604921471793e+05 5.818280900845255701e+02 8.017163152174225615e+02
8.296958520834915107e+05 5.759057697492278294e+02 8.179919970948076298e+02
8.431909292866251199e+05 5.760099047018322835e+02 8.078892850499247515e+02
8.569055051268347306e+05 5.688059340114599536e+02 8.058581884666458564e+02
8.708431497690724209e+05 5.771404799747261904e+02 8.061479918618709917e+02
8.850074914473438403e+05 5.810215306961317765e+02 8.119155720998207926e+02
8.994022174092053901e+05 5.807873894000373411e+02 8.060534889168608288e+02
9.140310748756222893e+05 5.821351395613826298e+02 8.228987806171186321e+02
9.288978720164498081e+05 5.779819697006615797e+02 8.173594264940235234e+02
9.440064789417603752e+05 5.825571043852625053e+02 8.121579359599707004e+02
9.593608287093146937e+05 5.843938947251285754e+02 8.160124720909967664e+02
9.749649183484095847e+05 5.813893092608677762e+02 8.106956426179220898e+02
9.908228099003786920e+05 5.834697718012139376e+02 8.125127328320139668e+02
1.006938631476027076e+06 5.826872842796498162e+02 8.181282428374885285e+02
1.023316578330244869e+06 5.838559701521695615e+02 8.098963230464175922e+02
1.039960913954120362e+06 5.819503078635875681e+02 8.173824454830656805e+02
1.056875971184805036e+06 5.884491696779488166e+02 8.171263640869088931e+02
1.074066153333432274e+06 5.856468621790295401e+02 8.186160159913083589e+02
1.091535935331391171e+06 5.872669119470929218e+02 8.179391836080754956e+02
1.109289864895222709e+06 5.875084522180420663e+02 8.206492301294850904e+02
1.127332563710487215e+06 5.846315761027866529e+02 8.206016190017045346e+02
1.145668728634872707e+06 5.852193957758728402e+02 8.320732267488850766e+02
1.164303132920875680e+06 5.848579287139168628e+02 8.169136108181173768e+02
1.183240627458377974e+06 5.922451731089774967e+02 8.334732498286871305e+02
1.202486142037412152e+06 5.846327726731597068e+02 8.085786411919112879e+02
1.222044686631488614e+06 5.834826220440586440e+02 8.213334269314743779e+02
1.241921352701784577e+06 5.930396191065780158e+02 8.318023937269042563e+02
1.262121314522546018e+06 5.944609533744819601e+02 8.241757263470223052e+02
1.282649830528059974e+06 5.883948613025221448e+02 8.318154050601160634e+02
1.303512244681508979e+06 5.936439908970389752e+02 8.301723006817032910e+02
1.324713987866117386e+06 5.821896285285794193e+02 8.237362434742984760e+02
1.346260579298910918e+06 5.926445005428914783e+02 8.435086817358530880e+02
1.368157627967470558e+06 5.897879806804935470e+02 8.294294607366559831e+02
1.390410834090069635e+06 5.959137729311537441e+02 8.318895790365216953e+02
1.413025990599533543e+06 5.939437379023672747e+02 8.335750006539311698e+02
1.436008984651260544e+06 5.969843477737267676e+02 8.249493627660160655e+02
1.459365799155757762e+06 5.951303282107345467e+02 8.288744925993732977e+02
1.483102514336102875e+06 5.977250047183119932e+02 8.363337907548478825e+02
1.507225309310755460e+06 5.976267550555803609e+02 8.261030646807200810e+02
1.531740463702079840e+06 6.000364796185913292e+02 8.414505186174113760e+02
1.556654359271062072e+06 6.042921713207274479e+02 8.406746896798158559e+02
1.581973481578601524e+06 5.976705536503299072e+02 8.407606192309799553e+02
1.607704421673821984e+06 6.034435258670216626e+02 8.416659434864036484e+02
1.633853877809860278e+06 5.992712045666241920e+02 8.310640128220363749e+02
1.660428657187529607e+06 6.030400852956073550e+02 8.377163239287706347e+02
1.687435677727375645e+06 5.962508578019704828e+02 8.426609997254776090e+02
1.714881969870540779e+06 6.025713972922609400e+02 8.497585236531623423e+02
1.742774678408917272e+06 6.048459788946603339e+02 8.419268319538828109e+02
1.771121064345086925e+06 6.021637661622049791e+02 8.449413944296222780e+02
1.799928506782476557e+06 5.953287651666532838e+02 8.385341148903381736e+02
1.829204504846293712e+06 6.054575018367763732e+02 8.433033005168028922e+02
1.858956679635688197e+06 6.116440125260206742e+02 8.406260548319473855e+02
1.889192776207664283e+06 5.996186029272964788e+02 8.487768182705448226e+02
1.919920665593282785e+06 6.044495470730372517e+02 8.491449421672126618e+02
1.951148346846616361e+06 6.086590296404559695e+02 8.430519660074726289e+02
1.982883949127071304e+06 6.042122732136870127e+02 8.427002040253380528e+02
2.015135733815558488e+06 6.066624019670319967e+02 8.398942285009912894e+02
2.047912096665083431e+06 6.052423573677448303e+02 8.487180927143577946e+02
2.081221569986337097e+06 6.107794980317105455e+02 8.488197750997154571e+02
2.115072824868794531e+06 6.051503411602187725e+02 8.502895530957623578e+02
2.149474673437980469e+06 6.032716451893164731e+02 8.529286895014339507e+02
2.184436071149428375e+06 6.064387600356216126e+02 8.440511458563521501e+02
2.219966119119952433e+06 6.071804221577023100e+02 8.509292452832714844e+02
2.256074066496859305e+06 6.106832902725925578e+02 8.558470725640224828e+02
2.292769312865648884e+06 6.121860439912940137e+02 8.454003347734671934e+02
2.330061410696924664e+06 6.127977189176589263e+02 8.511149526783065085e+02
2.367960067833078559e+06 6.136376135291005767e+02 8.513900897087869453e+02
2.406475150015421677e+06 6.141429851641627238e+02 8.532433671533591450e+02
2.445616683452444151e+06 6.197761154458847841e+02 8.627936627552548998e+02
2.485394857429798692e+06 6.170337394442983623e+02 8.581582014584957960e+02
2.525820026962784585e+06 6.137023029302552004e+02 8.603641652572653129e+02
2.566902715491951909e+06 6.193435050701373257e+02 8.561084472662139433e+02
2.608653617622550577e+06 6.223653898306386054e+02 8.607507970440146892e+02
2.651083601908536162e+06 6.176499255759372318e+02 8.537089645305110253e+02
2.694203713681882247e+06 6.125103754005070869e+02 8.548156759956043516e+02
2.738025177927857731e+06 6.241627590529803911e+02 8.622252560764948157e+02
2.782559402207125910e+06 6.123078903109831117e+02 8.566909077335340044e+02
2.827817979625343811e+06 6.160367917336033088e+02 8.510785478166064877e+02
2.873812691851063631e+06 6.161917846221863329e+02 8.657573608059549315e+02
2.920555512182745151e+06 6.308095485313834843e+02 8.507940602335852418e+02
2.968058608665602282e+06 6.112082114319495076e+02 8.650008943261015020e+02
3.016334347259197384e+06 6.173392388222598584e+02 8.703466855320491504e+02
3.065395295056529809e+06 6.258488164099353526e+02 8.615818627706338475e+02
3.115254223555484787e+06 6.278299507947025404e+02 8.742626422333146365e+02
3.165924111983520444e+06 6.261487787311621105e+02 8.748428477328739064e+02
3.217418150676371530e+06 6.251884985927879370e+02 8.694963614319110548e+02
3.269749744511767756e+06 6.254150437679561492e+02 8.696768276597747445e+02
3.322932516398975160e+06 6.353509148404663165e+02 8.687175736236893044e+02
3.376980310825088061e+06 6.264218296522261653e+02 8.758609366078769654e+02
3.431907197459042538e+06 6.254522002979103945e+02 8.707270452654879591e+02
3.487727474814177491e+06 6.262786387122600900e+02 8.834181872682352150e+02
3.544455673970435746e+06 6.364139998111486420e+02 8.637143457302059915e+02
3.602106562357073650e+06 6.187481611769346728e+02 8.695450082683322535e+02
3.660695147596898489e+06 6.221181102430991814e+02 8.670222254268611550e+02
3.720236681413066108e+06 6.299474406804499722e+02 8.819396689183666922e+02
3.780746663599349093e+06 6.312310338915618786e+02 8.719553722412611023e+02
3.842240846055061091e+06 6.268980286890208617e+02 8.811584148056739423e+02
3.904735236885563936e+06 6.365887917436131147e+02 8.673906111724750190e+02
3.968246104569477960e+06 6.248252931465923439e+02 8.955966247401538567e+02
4.032789982193705160e+06 6.281486701521583882e+02 8.729533344871979352e+02
4.098383671757261269e+06 6.334244714053263579e+02 8.741020723434485262e+02
4.165044248545185197e+06 6.378512957959977712e+02 8.791873516600895755e+02
4.232789065573552623e+06 6.398669540617290750e+02 8.916953576881120398e+02
4.301635758106790483e+06 6.386338824761730848e+02 8.871138731547515590e+02
4.371602248248502612e+06 6.422548794149743117e+02 8.924128431699119801e+02
4.442706749606883153e+06 6.365682829385521018e+02 8.811614287626412079e+02
4.514967772036101669e+06 6.435635909399956063e+02 8.966196136409914743e+02
4.588404126454761252e+06 6.403880092280602412e+02 8.860872692670890274e+02
4.663034929742726497e+06 6.465267540340137202e+02 8.901635711869140550e+02
4.738879609717651270e+06 6.399075065250500529e+02 8.856260786342635356e+02
4.815957910192350857e+06 6.360268719049028050e+02 8.869888810933446166e+02
4.894289896114531904e+06 6.425993542057884724e+02 8.939726009516316481e+02
4.973895958790067583e+06 6.384838895143459467e+02 8.885770734221340490e+02
5.054796821191235445e+06 6.543250076335031054e+02 8.927307360042306073e+02
5.137013543351339176e+06 6.324309883294197334e+02 8.895440846022711412e+02
5.220567527846975252e+06 6.414521242773765834e+02 9.034260996403808122e+02
5.305480525369574316e+06 6.417028817840335932e+02 8.845830066122982771e+02
5.391774640387505293e+06 6.370437401907142885e+02 8.870529863497574752e+02
5.479472336900281720e+06 6.293137985787570869e+02 8.908210364188496442e+02
5.568596444286408834e+06 6.370542205934959838e+02 8.965775886734351161e+02
5.659170163246242329e+06 6.360348613037766654e+02 9.025820923602484527e+02
5.751217071841613390e+06 6.407242412794265647e+02 8.899972630639956606e+02
5.844761131633637473e+06 6.347787478756063138e+02 9.061475418756187992e+02
5.939826693920350634e+06 6.487022217361659386e+02 9.043157292909869511e+02
6.036438506075863726e+06 6.420834916591991259e+02 8.993795495076886937e+02
6.134621717992505990e+06 6.365008926333285899e+02 9.106276220168302871e+02
6.234401888627863489e+06 6.467689418809829931e+02 8.970726929764969100e+02
6.335804992658253759e+06 6.503057164710348843e+02 8.922662064536064008e+02
6.438857427240412682e+06 6.387989126190946081e+02 8.979050948677848965e+02
6.543586018883229233e+06 6.513240747886551389e+02 8.993654162087544819e+02
6.650018030431118794e+06 6.505435396938751182e+02 9.051497545740784290e+02
6.758181168161110021e+06 6.468962948194052842e+02 9.053543131801890240e+02
6.868103588995307684e+06 6.545582472967496415e+02 9.037381934770190810e+02
6.979813907830652781e+06 6.554653392223705168e+02 9.113329230690063696e+02
7.093341204987989739e+06 6.453936668436033415e+02 9.020350499506937467e+02
7.208715033782135695e+06 6.542087246003119390e+02 9.042251960518233318e+02
7.325965428215229884e+06 6.573432992041241505e+02 8.974518439282786630e+02
7.445122910795142874e+06 6.548349630820936227e+02 9.238593988303933884e+02
7.566218500481047668e+06 6.629026464577482329e+02 9.030629348557971525e+02
7.689283720758305863e+06 6.549832123665262316e+02 9.134529201324545511e+02
7.814350607844541781e+06 6.489979893855453383e+02 9.130528733278074469e+02
7.941451719029339962e+06 6.526444169775933233e+02 9.107324554491219715e+02
8.070620141149506904e+06 6.658025624140732361e+02 8.991166004886194969e+02
8.201889499202211387e+06 6.604560997157826705e+02 9.141148279176964024e+02
8.335293965098187327e+06 6.654696610490394733e+02 9.069644343991330970e+02
8.470868266557402909e+06 6.529063201856912428e+02 9.199238296020621419e+02
8.608647696149244905e+06 6.563780720396993047e+02 9.108661787536816519e+02
8.748668120479913428e+06 6.579026260952604162e+02 9.178882535576360624e+02
8.890965989529166371e+06 6.700871160982799211e+02 9.136255167148865439e+02
9.035578346138920635e+06 6.697918704112316846e+02 9.096686565748486828e+02
9.182542835656281561e+06 6.581745976995779301e+02 9.137926968842438100e+02
9.331897715733239427e+06 6.605016220978470756e+02 9.280212983154201538e+02
9.483681866285927594e+06 6.534603836572802038e+02 9.107345036558408538e+02
9.637934799615794793e+06 6.721140789296367757e+02 9.210642258832224343e+02
9.794696670695384964e+06 6.570562672135146158e+02 9.274238033816293409e+02
9.954008287621518597e+06 6.583770639457372909e+02 9.291267641343029027e+02
1.011591112223829702e+07 6.613594310845168138e+02 9.238207015532641435e+02
1.028044732093309797e+07 6.705252857097984815e+02 9.261076922888830723e+02
1.044765971560805291e+07 6.631418642152003713e+02 9.238281257895927183e+02
1.061759183482998982e+07 6.633409339355115435e+02 9.247601680925403116e+02
1.079028791516183689e+07 6.654354038255110027e+02 9.225213899621352311e+02
1.096579291267809831e+07 6.738454195757371963e+02 9.271864124006984866e+02
1.114415251466788165e+07 6.678902622197053915e+02 9.240752778441946020e+02
1.132541315152812563e+07 6.715855683744590578e+02 9.392099752298408930e+02
1.150962200885031186e+07 6.690591027685042036e+02 9.327958217793794802e+02
1.169682703970384598e+07 6.681119630420733984e+02 9.326599131779837535e+02
1.188707697711903229e+07 6.713529287261867466e+02 9.258204441120052479e+02
1.208042134677328914e+07 6.781607344379881397e+02 9.413671596926220673e+02
1.227691047988360375e+07 6.747219089188956787e+02 9.388361901423796780e+02
1.247659552630868554e+07 6.756188862069436709e+02 9.316581818868739902e+02
1.267952846786434017e+07 6.764429548811871200e+02 9.199611569120985450e+02
1.288576213185518049e+07 6.734732676518565313e+02 9.457437320744086264e+02
1.309535020482667722e+07 6.702814764808146037e+02 9.263497089966213025e+02
1.330834724654076062e+07 6.754968780350469615e+02 9.341028674637362883e+02
1.352480870417873934e+07 6.839007198547346889e+02 9.361390635392789363e+02
1.374479092677536607e+07 6.717824671188963066e+02 9.512850640316114550e+02
1.396835117988739721e+07 6.796019685890407800e+02 9.402746289381242377e+02
1.419554766050101630e+07 6.845537935781233045e+02 9.457411072826105283e+02
1.442643951218158752e+07 6.845275086533894182e+02 9.375450096062618286e+02
1.466108684046982974e+07 6.898875880222713022e+02 9.285635228160797396e+02
1.489955072852853686e+07 6.899417098213740474e+02 9.474264519788114285e+02
1.514189325304351933e+07 6.796969062882499202e+02 9.450462318340981938e+02
1.538817750038346462e+07 6.827006929299518561e+02 9.419711515888509439e+02
1.563846758302247711e+07 6.839210919991656965e+02 9.526409157463654083e+02
1.589282865622976422e+07 6.792735809738538819e+02 9.450070801343206313e+02
1.615132693503089622e+07 6.898562387877421997e+02 9.446601490414252567e+02
1.641402971144466475e+07 6.823389432347613592e+02 9.536334381439642129e+02
1.668100537200059183e+07 6.879304483831936068e+02 9.443043840730929332e+02
1.695232341554121301e+07 6.970229404343256192e+02 9.560815933760358121e+02
1.722805447131392360e+07 6.904948080306728571e+02 9.587645084987506152e+02
1.750827031735723466e+07 6.893380274709686546e+02 9.569039347284405039e+02
1.779304389918577299e+07 6.897739432470405063e+02 9.567293601087885691e+02
1.808244934877951816e+07 6.945377670667287475e+02 9.530475136885721668e+02
1.837656200388172269e+07 6.819469850623422644e+02 9.455111396134134338e+02
1.867545842761074007e+07 6.807572664024842197e+02 9.562212755973843059e+02
1.897921642839099467e+07 6.819265603587265332e+02 9.568004553181045821e+02
1.928791508020777628e+07 6.929610810712000557e+02 9.557462249839886681e+02
1.960163474319185689e+07 6.816402915370191522e+02 9.646313752980819345e+02
1.992045708453871310e+07 6.793552424125284688e+02 9.701992678863728088e+02
2.024446509976801649e+07 6.898996435190194916e+02 9.763500355802273134e+02
2.057374313432911411e+07 6.950033695460302852e+02 9.575667610857112777e+02
2.090837690555749834e+07 6.932227573855140008e+02 9.634074138721510963e+02
2.124845352498883009e+07 6.859175639356922147e+02 9.567027180000062572e+02
2.159406152103567496e+07 6.961458814941414630e+02 9.619984105533078491e+02
2.194529086203311384e+07 6.934560790571149482e+02 9.680701152172360935e+02
2.230223297965936363e+07 6.924518157649995374e+02 9.724815825143442680e+02
2.266498079273692891e+07 6.958422623714310475e+02 9.695688593867164400e+02
2.303362873142131418e+07 7.015871337002605514e+02 9.645878939239476040e+02
2.340827276178294420e+07 6.971062634667813427e+02 9.706112884507724630e+02
2.378901041078890860e+07 7.018649253039457108e+02 9.707509675489537813e+02
2.417594079169128463e+07 7.053182570550034143e+02 9.732847015627489782e+02
2.456916462982790172e+07 6.999819510581971826e+02 9.650581318649207105e+02
2.496878428884326667e+07 6.958484509885535090e+02 9.739179135579889817e+02
2.537490379733571783e+07 6.952628839187818812e+02 9.643512686522587956e+02
2.578762887593803555e+07 7.050199528067322490e+02 9.706401874530724854e+02
2.620706696483849734e+07 7.096720996288181595e+02 9.719463850134920904e+02
2.663332725174980611e+07 7.091052729078681978e+02 9.619855609326207286e+02
2.706652070033241436e+07 7.136608957319798492e+02 9.647600242690504047e+02
2.750676007908067480e+07 7.098062396115069532e+02 9.712297401880415464e+02
2.795415999067859352e+07 7.092732682992977971e+02 9.633763700459721804e+02
2.840883690183301270e+07 7.040422548586477660e+02 9.806347227302194369e+02
2.887090917359234765e+07 7.061958498058339728e+02 9.863432619966393986e+02
2.934049709215787053e+07 7.100021232463900560e+02 9.692787767735304669e+02
2.981772290019673482e+07 7.017516662482825041e+02 9.739998529250340198e+02
3.030271082866399363e+07 7.087901649959429733e+02 9.880348884657983035e+02
3.079558712914223224e+07 7.139705606879790594e+02 9.768145845571591508e+02
3.129648010670750588e+07 7.064664579839876524e+02 9.764784811584446516e+02
3.180552015332919732e+07 7.123838955513746214e+02 9.842184155310646929e+02
3.232283978181380779e+07 7.089281623163803943e+02 9.909975562392781967e+02
3.284857366030047089e+07 7.099486685227512908e+02 9.997049607057513185e+02
3.338285864731757715e+07 7.206751843755108666e+02 9.866912753989603289e+02
3.392583382740991563e+07 7.035269741219473190e+02 9.797282569400821330e+02
3.447764054734463990e+07 7.121992765653911874e+02 1.008483869424627642e+03
3.503842245290675759e+07 7.100728800614939473e+02 9.963134263067278198e+02
3.560832552629281580e+07 7.221941714385829982e+02 9.923848226858067392e+02
3.618749812411276996e+07 7.237361310506788641e+02 9.978801983828565199e+02
3.677609101601030678e+07 7.184793957200936347e+02 9.897572278773242260e+02
3.737425742391064018e+07 7.187738191347013981e+02 1.000179112670481231e+03
3.798215306190736592e+07 7.220005770548013970e+02 9.908678984247410426e+02
3.859993617679771036e+07 7.214086534042673975e+02 9.902598674220874955e+02
3.922776758927715570e+07 7.227842099012457311e+02 1.001772115200179428e+03
3.986581073580438644e+07 7.187100645649350099e+02 9.899651015209906291e+02
4.051423171114647388e+07 7.157815443311153558e+02 9.897805706698704853e+02
4.117319931161679327e+07 7.240540436002535216e+02 9.922696624929436666e+02
4.184288507901584357e+07 7.264677771962420820e+02 9.934980724835836554e+02
4.252346334528677911e+07 7.244208331438376263e+02 1.000291176007269769e+03
4.321511127789761871e+07 7.293016884576179564e+02 9.908336731983200707e+02
4.391800892596086115e+07 7.179312180911043697e+02 1.006104481461876730e+03
4.463233926710397005e+07 7.283634913429873450e+02 1.000195377441993401e+03
4.535828825510191172e+07 7.320249955667833319e+02 1.010454367586645731e+03
4.609604486828429252e+07 7.338203927273788167e+02 9.963726476764717290e+02
4.684580115873045474e+07 7.279461795870688547e+02 1.004565185234621140e+03
4.760775230226368457e+07 7.267085175327491697e+02 1.001128801007160860e+03
4.838209664925957471e+07 7.196504357821041822e+02 1.008996464925059854e+03
4.916903577628031373e+07 7.333736963179950408e+02 1.009247585031560448e+03
4.996877453854878992e+07 7.264705609147700898e+02 1.003637656087178243e+03
5.078152112327670306e+07 7.366984044329393555e+02 9.985397093271199083e+02
5.160748710385907441e+07 7.332521552967865546e+02 1.015452294460906728e+03
5.244688749495118856e+07 7.328839284652325432e+02 1.004704456999644663e+03
5.329994080844093114e+07 7.241517091882329851e+02 1.010914626799778603e+03
5.416686911033146828e+07 7.322500962290347388e+02 1.021261796999681451e+03
5.504789807854967564e+07 7.267293113014450228e+02 1.004439119237430987e+03
5.594325706169377267e+07 7.389585292368725504e+02 1.012024358581389492e+03
5.685317913873753697e+07 7.414144073360565699e+02 1.018319857653235431e+03
5.777790117970506847e+07 7.358794076704898544e+02 1.018866467369609040e+03
5.871766390733249485e+07 7.298964633812386182e+02 1.014451314850955214e+03
5.967271195973310620e+07 7.385587856859214071e+02 1.021230160011485395e+03
6.064329395408061892e+07 7.363247005359343120e+02 1.016001276933146528e+03
6.162966255132941902e+07 7.377831919821609290e+02 1.017760275056398086e+03
6.263207452198692411e+07 7.359832638997959293e+02 1.019771907823073093e+03
6.365079081295564771e+07 7.372315782239849113e+02 1.016605075575942919e+03
6.468607661546320468e+07 7.430895273685042639e+02 1.041833805144118742e+03
6.573820143409585208e+07 7.356841152113019007e+02 1.023962493074866302e+03
6.680743915695614368e+07 7.368021133345547469e+02 1.003092678961811089e+03
6.789406812696112692e+07 7.491049013014352340e+02 1.024696703728283182e+03
6.899837121430011094e+07 7.478955608200818688e+02 1.032807413263695025e+03
7.012063589007176459e+07 7.450983642855097742e+02 1.032314994407539416e+03
7.126115430111745000e+07 7.435175466114942537e+02 1.016884224017908082e+03
7.242022334607315063e+07 7.476246899894383660e+02 1.022252703257909047e+03
7.359814475265771151e+07 7.589108389905479726e+02 1.028896466646101771e+03
7.479522515621814132e+07 7.418200358704943937e+02 1.024171911424397877e+03
7.601177617955322564e+07 7.488855001598789158e+02 1.018876730342794190e+03
7.724811451403400302e+07 7.472297479778757179e+02 1.035542141149425561e+03
7.850456200204509497e+07 7.485094914008793694e+02 1.025586339385303972e+03
7.978144572076629102e+07 7.451401787163187009e+02 1.024926408212199703e+03
8.107909806731678545e+07 7.481406245890117361e+02 1.035705821667368127e+03
8.239785684528511763e+07 7.499293723687125066e+02 1.041439216266884387e+03
8.373806535266488791e+07 7.535109548186788970e+02 1.034911334040745714e+03
8.510007247122246027e+07 7.513261194527475482e+02 1.029448590812044131e+03
8.648423275731725991e+07 7.605989987195273443e+02 1.034990164403032395e+03
8.789090653419964015e+07 7.612499147789491190e+02 1.043782832488411486e+03
8.932045998580959439e+07 7.526281539291177296e+02 1.044478163470375875e+03
9.077326525210224092e+07 7.579858468744976108e+02 1.042864777575127619e+03
9.224970052592174709e+07 7.692420871247185232e+02 1.047921362261095965e+03
9.375015015145289898e+07 7.531474235824476864e+02 1.052252565166487784e+03
9.527500472427299619e+07 7.601649053438271721e+02 1.036388616034356573e+03
9.682466119303114712e+07 7.599799712404225147e+02 1.036716502138738178e+03
9.839952296278226376e+07 7.574201159769046399e+02 1.033143517097475069e+03
1.000000000000000000e+08 7.571626057993502172e+02 1.049753737896056691e+03
