# 1000 rows, 3 columns : energy (GeV), meson, baryon sigma (mb)
1.000000000000000000e+01 5.217654912256801936e+01 7.401097937569205953e+01
1.016265089392994625e+01 5.284173031931079834e+01 7.333611857806396017e+01
1.032794731918951392e+01 5.251570132471898944e+01 7.360377413356913223e+01
1.049593230558227752e+01 5.344541148596255908e+01 7.379585306669197564e+01
1.066664958279539377e+01 5.338640130147757645e+01 7.400957418647773522e+01
1.084014359178330977e+01 5.239145238024580920e+01 7.312394025135283471e+01
1.101645949633656407e+01 5.212385397628501948e+01 7.338071515427573388e+01
1.119564319483878201e+01 5.260878912870637691e+01 7.322734724802432993e+01
1.137774133221491368e+01 5.099385874948599451e+01 7.477497905210337592e+01
1.156280131207375916e+01 5.364967843359634969e+01 7.275492378416656436e+01
1.175087130904807609e+01 5.470161622725078132e+01 7.436294229432380121e+01
1.194200028133531966e+01 5.324525802487465143e+01 7.402407668626463533e+01
1.213623798344240612e+01 5.290611181792512241e+01 7.409910914340079557e+01
1.233363497913775930e+01 5.314879169353799426e+01 7.544893281152059217e+01
1.253424265461400111e+01 5.205852496709975696e+01 7.334682566357540168e+01
1.273811323186478539e+01 5.211977323221196201e+01 7.357058923078419355e+01
1.294529978227915379e+01 5.225724612067291019e+01 7.548295328104296686e+01
1.315585624045704449e+01 5.357591869687891517e+01 7.463591578311564945e+01
1.336983741824946570e+01 5.381418393211237827e+01 7.437562988946477560e+01
1.358729901902709791e+01 5.251876183479371463e+01 7.451444110130601928e+01
1.380829765218092398e+01 5.345437216175138673e+01 7.355739460256327789e+01
1.403289084785872376e+01 5.312665503386744348e+01 7.426044041857112177e+01
1.426113707194128999e+01 5.213588859820529819e+01 7.500721677013594046e+01
1.449309574126216660e+01 5.353852782273760624e+01 7.393214743357745533e+01
1.472882723907502545e+01 5.359935356592859534e+01 7.407526019211560708e+01
1.496839293077255562e+01 5.408608444509653168e+01 7.319101226576542274e+01
1.521185517986104863e+01 5.298433836906170313e+01 7.478638272456977631e+01
1.545927736419477760e+01 5.302054913699107885e+01 7.481120734447695497e+01
1.571072389247450474e+01 5.192480836947729728e+01 7.469842815666341096e+01
1.596626022101425946e+01 5.421492530795664067e+01 7.506844051027611897e+01
1.622595287078087267e+01 5.314990338979086459e+01 7.386534708106029257e+01
1.648986944471064930e+01 5.359796806104126432e+01 7.488932157058408734e+01
1.675807864530768043e+01 5.285391585302591722e+01 7.550793969478139900e+01
1.703065029252844198e+01 5.260589231133248944e+01 7.490827477422011782e+01
1.730765534195725053e+01 5.365541120277516285e+01 7.480165193437257187e+01
1.758916590327732621e+01 5.350535952809120488e+01 7.411307447163977713e+01
1.787525525904235479e+01 5.277509714819360198e+01 7.585406900582493961e+01
1.816599788375327762e+01 5.388581510953747511e+01 7.528900097377301392e+01
1.846146946324547500e+01 5.286237110580785981e+01 7.477124787554878083e+01
1.876174691439120323e+01 5.339320193216784105e+01 7.616830058437474804e+01
1.906690840512251839e+01 5.304633533321149486e+01 7.533876608764286686e+01
1.937703337477988796e+01 5.356668823118106815e+01 7.322474988295877552e+01
1.969220255479172366e+01 5.369125677929469020e+01 7.406242998270437283e+01
2.001249798969037030e+01 5.392335315971952525e+01 7.599511454354228590e+01
2.033800305846980905e+01 5.292494784517653272e+01 7.492529698441421715e+01
2.066880249629081945e+01 5.429935948501793774e+01 7.549223379350121377e+01
2.100498241653915343e+01 5.347559830621256793e+01 7.502382961895497715e+01
2.134663033324244452e+01 5.328100369466204711e+01 7.638073688279328621e+01
2.169383518385184217e+01 5.386112642800067363e+01 7.578045781764036803e+01
2.204668735239408761e+01 5.488619242291935052e+01 7.711420711145547102e+01
2.240527869300018082e+01 5.446412556022818308e+01 7.494854812261215216e+01
2.276970255381679920e+01 5.426432454931133975e+01 7.564448066159206974e+01
2.314005380130652867e+01 5.365155445634602671e+01 7.454882576098162872e+01
2.351642884494348706e+01 5.385431855883727792e+01 7.566831600327542162e+01
2.389892566231050353e+01 5.341634758950831241e+01 7.594201172873320616e+01
2.428764382460450477e+01 5.436572468857622908e+01 7.596300551997380524e+01
2.468268452255692580e+01 5.434570429789429369e+01 7.484199948935082602e+01
2.508415059277539783e+01 5.439465566632369331e+01 7.478758122724107693e+01
2.549214654451423101e+01 5.391391747183583050e+01 7.491870061348943466e+01
2.590677858688008683e+01 5.442030688396181404e+01 7.625310619572938720e+01
2.632815465648021203e+01 5.358036869245654543e+01 7.527255830325661634e+01
2.675638444552045314e+01 5.383164574075501463e+01 7.592416466083054161e+01
2.719157943036017500e+01 5.420163526524905251e+01 7.617974370226875180e+01
2.763385290053169996e+01 5.357346536490059918e+01 7.380189117082593953e+01
2.808331998823172526e+01 5.458615252993369893e+01 7.612583120919913426e+01
2.854009769829238863e+01 5.270801935994462895e+01 7.632553145044778375e+01
2.900430493863991543e+01 5.508968929026331551e+01 7.626943113064839963e+01
2.947606255124857100e+01 5.374307006887536886e+01 7.544482049347463715e+01
2.995549334359813187e+01 5.419382518202573351e+01 7.714874150189409363e+01
3.044272212064302607e+01 5.405310647349865150e+01 7.770486955405702645e+01
3.093787571730138453e+01 5.424479611779929655e+01 7.689042887224995582e+01
3.144108303147264749e+01 5.385037069023128709e+01 7.587143983880316966e+01
3.195247505759212103e+01 5.535499961054446771e+01 7.594686670635505266e+01
3.247218492073128715e+01 5.333467124507127011e+01 7.713843713492111931e+01
3.300034791125285238e+01 5.504358124237424477e+01 7.795576803715356107e+01
3.353710152002930300e+01 5.494029860944785781e+01 7.617351518218565332e+01
3.408258547423452001e+01 5.478913898069858845e+01 7.485510956046040576e+01
3.463694177371732508e+01 5.490422800723808194e+01 7.582179303939990689e+01
3.520031472796679139e+01 5.466196662282035845e+01 7.630269115371025634e+01
3.577285099367873755e+01 5.586052448812514371e+01 7.597809750068057610e+01
3.635469961293319585e+01 5.471266644272050428e+01 7.611997353237046582e+01
3.694601205199302285e+01 5.590305937337959818e+01 7.668597516908039324e+01
3.754694224073336528e+01 5.516165471085350447e+01 7.730771948053502740e+01
3.815764661271248315e+01 5.446837985563360007e+01 7.655654848293897885e+01
3.877828414589457395e+01 5.484122368628609934e+01 7.601350285455352207e+01
3.940901640403449591e+01 5.515705829782026370e+01 7.598789457145987569e+01
4.005000757873611406e+01 5.468043517168441525e+01 7.806114414615180408e+01
4.070142453219438750e+01 5.339877871197857218e+01 7.752680852526641786e+01
4.136343684063273685e+01 5.544940733174884429e+01 7.736040863443510318e+01
4.203621683844713885e+01 5.482726514521816341e+01 7.529004686448560335e+01
4.271993966306779100e+01 5.435578484245482400e+01 7.738013303218387762e+01
4.341478330055092272e+01 5.372737439443068297e+01 7.721905881490648937e+01
4.412092863191190162e+01 5.489758633124143472e+01 7.648357274543316464e+01
4.483855948021186322e+01 5.463336058287159602e+01 7.698074044902375590e+01
4.556786265841063965e+01 5.539805205382397446e+01 7.758486943777285205e+01
4.630902801799739166e+01 5.466410375918895426e+01 7.755737180233471406e+01
4.706224849841281355e+01 5.527281958097255909e+01 7.737530345078653227e+01
4.782772017727485547e+01 5.612711188946283869e+01 7.737153897352297349e+01
4.860564232142133534e+01 5.513470012014771271e+01 7.686038517613665988e+01
4.939621743878320359e+01 5.484477124146113880e+01 7.736673175768879673e+01
5.019965133110081723e+01 5.701196865957268045e+01 7.844879416079690770e+01
5.101615314749833630e+01 5.589257000980915535e+01 7.894557733621822138e+01
5.184593543892913203e+01 5.546931193979813202e+01 7.839055995234807028e+01
5.268921421350671608e+01 5.500974063473832132e+01 7.775337361983932283e+01
5.354620899273607648e+01 5.594217251816073855e+01 7.743387650426703317e+01
5.441714286865889960e+01 5.602077254998160782e+01 8.017837791715264473e+01
5.530224256192899901e+01 5.550339294562486003e+01 7.816144995518233429e+01
5.620173848083187806e+01 5.730478253613618023e+01 7.701518001075712050e+01
5.711586478126432098e+01 5.694361941833496132e+01 7.863629211588464329e+01
5.804485942768977935e+01 5.594863480104323372e+01 7.836896635954454382e+01
5.898896425508496577e+01 5.585315563662039295e+01 7.896395870079662416e+01
5.994842503189408944e+01 5.614473768853842728e+01 7.919362266606827916e+01
6.092349152400711887e+01 5.584680538309344655e+01 7.851540140599145445e+01
6.191441755977844252e+01 5.506412918310561366e+01 7.722972421944945154e+01
6.292146109610344240e+01 5.631836815334964541e+01 7.673024506354109064e+01
6.394488428556942949e+01 5.693955123727514689e+01 7.771782647665544630e+01
6.498495354469888241e+01 5.716151261318265142e+01 7.887480385641015346e+01
6.604193962330305112e+01 5.607396425974677356e+01 7.779884572747725713e+01
6.711611767496283676e+01 5.494462871299928253e+01 7.788789153696986034e+01
6.820776732865685688e+01 5.737985802747289199e+01 7.823892975315820308e+01
6.931717276155407603e+01 5.591891210648588384e+01 7.910188319819825153e+01
7.044462277299037112e+01 5.613140955657086550e+01 7.916525993958694585e+01
7.159041085964888396e+01 5.659371407872404092e+01 8.058199826065876437e+01
7.275483529196229426e+01 5.566396598737188128e+01 7.914389411582808975e+01
7.393819919175865607e+01 5.626190809886986699e+01 7.814821735513324086e+01
7.514081061116969806e+01 5.660210799959904904e+01 7.846143719482610379e+01
7.636298261282242095e+01 5.686217297462503950e+01 8.005614974839198794e+01
7.760503335133570602e+01 5.674675526612386278e+01 7.920712593124969203e+01
7.886728615614151749e+01 5.573919198179899581e+01 7.920081355906900455e+01
8.015006961565404708e+01 5.705657983655372334e+01 7.981023540170691888e+01
8.145371766280744907e+01 5.649040033026991381e+01 7.950452288554622271e+01
8.277856966198471866e+01 5.627500328198215129e+01 7.982913484933649784e+01
8.412497049736118981e+01 5.715113472564696906e+01 7.805743436713142103e+01
8.549327066268379838e+01 5.666253775586879016e+01 8.111499232196936759e+01
8.688382635251184638e+01 5.631194967251203565e+01 7.953645684076089140e+01
8.829699955494092478e+01 5.793718391412473068e+01 7.946532041744190167e+01
8.973315814583520478e+01 5.710215010224030152e+01 8.095427217950599186e+01
9.119267598459298085e+01 5.681677673648347593e+01 8.004324250493138493e+01
9.267593301146878559e+01 5.798237394947860679e+01 8.035263078301476014e+01
9.418331534647951742e+01 5.738010838647808498e+01 8.058109786837390232e+01
9.571521538991865441e+01 5.621690378315911829e+01 8.178008044228010931e+01
9.727203192450537017e+01 5.693683327534105132e+01 8.064209503314259564e+01
9.885417021919573699e+01 5.683474924010868534e+01 8.039335513870604188e+01
1.004620421346813117e+02 5.668011179621175444e+01 7.949593808567642839e+01
1.020960662306046487e+02 5.803658172951590188e+01 8.103675257107937568e+01
1.037566678745185982e+02 5.842091953969723761e+01 8.174138749719185171e+01
1.054442793526168458e+02 5.859775815803335064e+01 7.989959945468440594e+01
1.071593399822671131e+02 5.814802928427727124e+01 8.106377015736130431e+01
1.089022962263730534e+02 5.773288140181050210e+01 8.049128255870104454e+01
1.106736018095973435e+02 5.874725867396747958e+01 8.040311000032924937e+01
1.124737178364751884e+02 5.791789266586673079e+01 8.022965412221324755e+01
1.143031129114478688e+02 5.955130990777968236e+01 8.198144903642786119e+01
1.161622632608501817e+02 5.795877531384753212e+01 8.116525049292181393e+01
1.180516528568805512e+02 5.913178994625879170e+01 7.945516101813466037e+01
1.199717735435884265e+02 5.740697408635453769e+01 8.039108670253833111e+01
1.219231251649110703e+02 5.776138491453881585e+01 8.163304587547567337e+01
1.239062156947915696e+02 5.839381014499758038e+01 8.161505243243090035e+01
1.259215613694150875e+02 5.799611819748191266e+01 8.137692762446633310e+01
1.279696868215941663e+02 5.760877684173402713e+01 8.305484425649126479e+01
1.300511252173409957e+02 5.742682774462453921e+01 8.182709976576406063e+01
1.321664183946605249e+02 5.821013568438000618e+01 8.141040209350819623e+01
1.343161170046015229e+02 5.818177837968635657e+01 8.195897000962627033e+01
1.365007806546013853e+02 5.874808833735787061e+01 8.048471638045676002e+01
1.387209780541620887e+02 5.907938652216282804e+01 8.292961283046852827e+01
1.409772871628967721e+02 5.758130054078834803e+01 8.089353745326025091e+01
1.432702953409830968e+02 5.838585246275462737e+01 8.212975205508625720e+01
1.456005995020648527e+02 5.832294509011092742e+01 8.047689894893275664e+01
1.479688062686396393e+02 5.805484239895775289e+01 8.102540484700433865e+01
1.503755321299738341e+02 5.808082672442711925e+01 8.211542704245063362e+01
1.528214036025870826e+02 5.937943790347413398e+01 8.372331030786853034e+01
1.553070573933460139e+02 5.923272116524132969e+01 8.313895405911665648e+01
1.578331405652116359e+02 5.853631382873425082e+01 7.978319691856371776e+01
1.604003107056819886e+02 5.803364939288020707e+01 8.211385392196658017e+01
1.630092360979741102e+02 5.905048709151871833e+01 8.153977148860231239e+01
1.656605958949915305e+02 5.999964203431250809e+01 8.207448001088030765e+01
1.683550802961202351e+02 5.953209000214609148e+01 8.134060748173989452e+01
1.710933907269013332e+02 5.949078190417733225e+01 8.512135550492513403e+01
1.738762400216250512e+02 5.802535258585998434e+01 8.255434446731378273e+01
1.767043526088946521e+02 6.046064399838774506e+01 8.244555751868084315e+01
1.795784647002096790e+02 6.074312658700582546e+01 8.157582145289427444e+01
1.824993244816152469e+02 5.913220720090134819e+01 8.385847183045083852e+01
1.854676923084697648e+02 5.921339658594538236e+01 8.297785302036035660e+01
1.884843409033795467e+02 5.845254410464689698e+01 8.372510219774193274e+01
1.915500555573527777e+02 5.957483885365526532e+01 8.312157587832425065e+01
1.946656343342263256e+02 5.874165777466524929e+01 8.340106779852403918e+01
1.978318882784164430e+02 6.041664550280153634e+01 8.350315021344991351e+01
2.010496416260496915e+02 5.974079054424359470e+01 8.515520416167694862e+01
2.043197320195270379e+02 6.130332806288650005e+01 8.403683862398567328e+01
2.076430107255774828e+02 6.143023634339512995e+01 8.426602943364382270e+01
2.110203428568596564e+02 5.920469340653640700e+01 8.434841938961122310e+01
2.144526075971667467e+02 6.108668979206788663e+01 8.518882420641224940e+01
2.179406984302953560e+02 6.045390027002823530e+01 8.310672589128706989e+01
2.214855233726359245e+02 5.989255588757822579e+01 8.319287325029233671e+01
2.250880052095461679e+02 5.891167598343065492e+01 8.415261927981467238e+01
2.287490817355703996e+02 6.052441646679622522e+01 8.380779986833888984e+01
2.324697059985647911e+02 6.045532716985970723e+01 8.393104423463974229e+01
2.362508465477945094e+02 5.932023715339074954e+01 8.515224021736437976e+01
2.400934876860651741e+02 6.019585115783710449e+01 8.296200529600083939e+01
2.439986297259550270e+02 6.071896693990038330e+01 8.473862286339361560e+01
2.479672892502159982e+02 6.069290493232316663e+01 8.446184635088218329e+01
2.520004993764092092e+02 6.078789379822181616e+01 8.402626807162651801e+01
2.560993100258456820e+02 6.019880437078867885e+01 8.378296450253657213e+01
2.602647881969004402e+02 6.083528668653584504e+01 8.415903668893852796e+01
2.644980182427719910e+02 5.976312768508304174e+01 8.487840906235372529e+01
2.688001021537607471e+02 6.076057622369384603e+01 8.460637150436244269e+01
2.731721598441376386e+02 6.041094741612901231e+01 8.253243207764859335e+01
2.776153294436797978e+02 6.014902831427859553e+01 8.509322333247602899e+01
2.821307675939470982e+02 6.110006643492964429e+01 8.641535591201166255e+01
2.867196497493769698e+02 6.111059404173917642e+01 8.376734873850590191e+01
2.913831704832788887e+02 6.116730693570806210e+01 8.539175529323107128e+01
2.961225437988034628e+02 6.039326337845820802e+01 8.575788970381398713e+01
3.009390034449721156e+02 5.992002719187561155e+01 8.568815428114842803e+01
3.058338032378431421e+02 6.056795109949498368e+01 8.640843214597275335e+01
3.108082173869063922e+02 6.132062143817864097e+01 8.507943160166473717e+01
3.158635408267819003e+02 6.178121836596289285e+01 8.452010015666523657e+01
3.210010895543171614e+02 6.294452483326055869e+01 8.590855048439946984e+01
3.262222009711670125e+02 6.105525192177589844e+01 8.726508993441055395e+01
3.315282342319423492e+02 6.211242192804272122e+01 8.483483633440722826e+01
3.369205705980266998e+02 6.156665726647931791e+01 8.738246288717809307e+01
3.424006137971425687e+02 6.053375190947622286e+01 8.342002079868454700e+01
3.479697903887691268e+02 6.182880784655933581e+01 8.718286944445839026e+01
3.536295501355043029e+02 6.235712401544157757e+01 8.744849419418305558e+01
3.593813663804625662e+02 6.234465860568224116e+01 8.680244987196861928e+01
3.652267364308175388e+02 6.104992615215017082e+01 8.814688470162019485e+01
3.711671819475766938e+02 6.272800314409305145e+01 8.691886856093239544e+01
3.772042493416997218e+02 6.122065196484378902e+01 8.950412782158483083e+01
3.833395101766601556e+02 6.173806529969133550e+01 8.684542413885498036e+01
3.895745615775501278e+02 6.116122059569428160e+01 8.616687119912509729e+01
3.959110266468458690e+02 6.191466450381715703e+01 8.759262207306494474e+01
4.023505548869293307e+02 6.190244939437562977e+01 8.691264607464040637e+01
4.088948226294864412e+02 6.204168984784632102e+01 8.928336790493173680e+01
4.155455334718875520e+02 6.236593667767142080e+01 8.798078023553969729e+01
4.223044187206672291e+02 6.352709085027893821e+01 8.782588835299827679e+01
4.291732378422157694e+02 6.310034078853254158e+01 8.635472425450035416e+01
4.361537789208005620e+02 6.243657264584364697e+01 8.741817350559469446e+01
4.432478591240400760e+02 6.237641270287784323e+01 8.668570495535909970e+01
4.504573251759458685e+02 6.314564533854580475e+01 8.610550378034831454e+01
4.577840538376616450e+02 6.266434332149343334e+01 8.716746742268588832e+01
4.652299523960189163e+02 6.210686507085578256e+01 8.871812417017024188e+01
4.727969591600390800e+02 6.331474482521746694e+01 8.753927669512577836e+01
4.804870439655134078e+02 6.244926803517799385e+01 8.777372181245847571e+01
4.883022086877879815e+02 6.382132398700465359e+01 8.690355459163284024e+01
4.962444877628913673e+02 6.356334545633809796e+01 8.828121839928938641e+01
5.043159487171358819e+02 6.373361524979061699e+01 8.779757273832052533e+01
5.125186927053332511e+02 6.315430679878799936e+01 8.621187593701395713e+01
5.208548550577665992e+02 6.243518512308975943e+01 8.829876422004552694e+01
5.293266058360561601e+02 6.276342801597093768e+01 8.787045851813904562e+01
5.379361503980697989e+02 6.251470235986854362e+01 8.922959501803578064e+01
5.466857299720180663e+02 6.366842374285176476e+01 8.897284927072934124e+01
5.555776222398877735e+02 6.332887455977876101e+01 8.921255606693240736e+01
5.646141419303672819e+02 6.374651932341650706e+01 8.848987071231033497e+01
5.737976414214133456e+02 6.393510898183449598e+01 9.063898536216953516e+01
5.831305113526218520e+02 6.320874462200876565e+01 9.178180696413467388e+01
5.926151812475552560e+02 6.390293967318338275e+01 8.799972228903986604e+01
6.022541201461928040e+02 6.349914051704543283e+01 8.975363407479891009e+01
6.120498372476703253e+02 6.308871937115471695e+01 8.850245837941338323e+01
6.220048825634711420e+02 6.492213443637417924e+01 8.856279942342817435e+01
6.321218475812448787e+02 6.465820029866063123e+01 8.856495248947250332e+01
6.424033659394191318e+02 6.522268565428949216e+01 9.083332674932643158e+01
6.528521141127847613e+02 6.481228345153378712e+01 8.995322891654684838e+01
6.634708121092351121e+02 6.484552500755054893e+01 8.972679444995384301e+01
6.742622241778342413e+02 6.377097285378972202e+01 9.031547940738367686e+01
6.852291595284057166e+02 6.445807089457656502e+01 9.060441657142779093e+01
6.963744730628221760e+02 6.464041398651717429e+01 8.862295270671711478e+01
7.077010661181889191e+02 6.507386009563204254e+01 9.124486076944272384e+01
7.192118872221193442e+02 6.433427478592294335e+01 8.954879023409213801e+01
7.309099328602910646e+02 6.547272020611461585e+01 9.139918966693610969e+01
7.427982482564910924e+02 6.552288131551200934e+01 8.888312917844631045e+01
7.548799281653431308e+02 6.509857637176662593e+01 9.159046548385647668e+01
7.671581176779302496e+02 6.416702990699306497e+01 9.070250070027209688e+01
7.796360130405237214e+02 6.512805601979488301e+01 9.102577466339491252e+01
7.923168624866253822e+02 6.487099878762089133e+01 9.210980077326391324e+01
8.052039670825470239e+02 6.493306355906445049e+01 9.185144511959403246e+01
8.183006815867389605e+02 6.582714033969416789e+01 8.874150912977120242e+01
8.316104153230961629e+02 6.278004035339533573e+01 9.133865236985897695e+01
8.451366330684721788e+02 6.725716646202610605e+01 9.295114704796127114e+01
8.588828559546249153e+02 6.710089947574293490e+01 9.120434362138119866e+01
8.728526623848371173e+02 6.602073644955675036e+01 9.281710985087714505e+01
8.870496889654402821e+02 6.606750596983506796e+01 9.148998186031775504e+01
9.014776314524917780e+02 6.563467525211045484e+01 8.966357852462006406e+01
9.161402457138520958e+02 6.442655100493462328e+01 9.124872469407604569e+01
9.310413487069075700e+02 6.579624237798489617e+01 9.161246798457031559e+01
9.461848194721992513e+02 6.582910097037502339e+01 9.336020273560272642e+01
9.615746001432095227e+02 6.590129990844926056e+01 9.259086627853092466e+01
9.772146969725724830e+02 6.573650913065280577e+01 9.339183721949693506e+01
9.931091813749800394e+02 6.652127378660689772e+01 9.208544548929278051e+01
1.009262190987047347e+03 6.602176517270693523e+01 9.206545894793123352e+01
1.025677930744421928e+03 6.610954706257099645e+01 9.184520157968177045e+01
1.042360673976401131e+03 6.580339933718765622e+01 9.299856327055506711e+01
1.059314763518370000e+03 6.571927531345795614e+01 9.219086216233624498e+01
1.076544612842315928e+03 6.605374582122412619e+01 9.124526687263123392e+01
1.094054707205742488e+03 6.543127781429654988e+01 9.232516553422790651e+01
1.111849604819271008e+03 6.654210198306626012e+01 9.457703465291859857e+01
1.129933938033221693e+03 6.615527054922841899e+01 9.263819339716717138e+01
1.148312414543511068e+03 6.617101638544347963e+01 9.296611810290386302e+01
1.166989818617147421e+03 6.838954345554842007e+01 9.502228955923948206e+01
1.185971012337669436e+03 6.703667669709844290e+01 9.557533152184943503e+01
1.205260936870842670e+03 6.808958583229765793e+01 9.334335376305674004e+01
1.224864613750930630e+03 6.706443976316147371e+01 9.388865546835509690e+01
1.244787146187906046e+03 6.688221069989026546e+01 9.300384097241479253e+01
1.265033720395903856e+03 6.623227963142427654e+01 9.348178469599923801e+01
1.285609606943295148e+03 6.722859224667601552e+01 9.538291628499771946e+01
1.306520162124721310e+03 6.681074543266231558e+01 9.449759654221277572e+01
1.327770829355428987e+03 6.733285299219988929e+01 9.375734020502878252e+01
1.349367140588306484e+03 6.812683443991132037e+01 9.160851637555683169e+01
1.371314717753945615e+03 6.809823242335433235e+01 9.368122134923274302e+01
1.393619274224142146e+03 6.792924144124704355e+01 9.415687020489991710e+01
1.416286616299198840e+03 6.863819254267841075e+01 9.426144017420803323e+01
1.439322644719406526e+03 6.787323820669857355e+01 9.422012304938701277e+01
1.462733356201129936e+03 6.845708346341316997e+01 9.466157695979615028e+01
1.486524844997857144e+03 6.865493915903759614e+01 9.571786468351133692e+01
1.510703304486654133e+03 6.894341307597149182e+01 9.664253143543788838e+01
1.535275028780422645e+03 6.769078271568881178e+01 9.439016158327787309e+01
1.560246414366369663e+03 6.771250018891541345e+01 9.420390880095423825e+01
1.585623961771137147e+03 6.853323440104303188e+01 9.627168339702097910e+01
1.611414277253019918e+03 6.832354433288209350e+01 9.562901387557906219e+01
1.637624074521687362e+03 6.859379764110701672e+01 9.694285839119837078e+01
1.664260176485903685e+03 6.888876449526439671e+01 9.771591009865788635e+01
1.691329517029648741e+03 6.843725989849220070e+01 9.521507963930206131e+01
1.718839142817145557e+03 6.815658992909771996e+01 9.489728674673288822e+01
1.746796215127245659e+03 6.952474474357347844e+01 9.601731184942394748e+01
1.775208011717634236e+03 6.869373457864458032e+01 9.521670215801026416e+01
1.804081928719382859e+03 6.887675826351953390e+01 9.581978502336885128e+01
1.833425482562290654e+03 6.903628698266881258e+01 9.634732532876586220e+01
1.863246311931559831e+03 6.929049113981531605e+01 9.613998986779893130e+01
1.893552179756295118e+03 6.890535142143227176e+01 9.572962363597616786e+01
1.924350975230330278e+03 6.856080562211712959e+01 9.698348443304041666e+01
1.955650715865948996e+03 6.860743686759309412e+01 9.774438308487454208e+01
1.987459549580983776e+03 6.999354573350831288e+01 9.693608961834254956e+01
2.019785756819878316e+03 7.013281955320334760e+01 9.852319453558497742e+01
2.052637752709252254e+03 6.941726781222503462e+01 9.766381706976190458e+01
2.086024089248502605e+03 6.899876382199394698e+01 9.589304975857805857e+01
2.119953457536071255e+03 7.054527385131507344e+01 9.793014251655662861e+01
2.154434690031884656e+03 6.990599064271125940e+01 9.815261430057766745e+01
2.189476762856620553e+03 7.017501452387365646e+01 9.825851119348449458e+01
2.225088798128369490e+03 6.972603135046628609e+01 9.723907843022902853e+01
2.261280066337277276e+03 6.958299999538827763e+01 9.893523636005816968e+01
2.298059988758850977e+03 7.049087978697612300e+01 9.871661994950326857e+01
2.335438139906479137e+03 7.029815148407233494e+01 9.698140686727870730e+01
2.373424250023866080e+03 6.973269468605120380e+01 9.862469010202480035e+01
2.412028207618006945e+03 7.127584204476784180e+01 9.855805315890518159e+01
2.451260062033337363e+03 6.928634127332334458e+01 9.797557718087293210e+01
2.491130026067788549e+03 7.055921594870224567e+01 9.869926287415128741e+01
2.531648478631355374e+03 7.059371948404182717e+01 9.932592591041779428e+01
2.572825967447932271e+03 6.961722170736491933e+01 9.979276155022080275e+01
2.614673211801092293e+03 6.889888648490716605e+01 9.798383072085701428e+01
2.657201105324504169e+03 7.017721038163951164e+01 9.858443000384919230e+01
2.700420718837772711e+03 7.008443848614027161e+01 1.000385733611104087e+02
2.744343303228365585e+03 7.060150510079982666e+01 9.971766803841593685e+01
2.788980292380439550e+03 7.074970166623614887e+01 9.904926426366596104e+01
2.834343306151309207e+03 7.126170808656188171e+01 9.995377111524020108e+01
2.880444153396297679e+03 7.172558563112619368e+01 9.937923274659523543e+01
2.927294835042815976e+03 7.154845185427694787e+01 1.003032702447825670e+02
2.974907547214440456e+03 7.301756564508517044e+01 9.891200873027692353e+01
3.023294684405776479e+03 7.212547780279878396e+01 9.807783109772915964e+01
3.072468842709003638e+03 7.139782432482334684e+01 1.013156074456552886e+02
3.122442823092857907e+03 7.032218114495593397e+01 9.972262442410671213e+01
3.173229634734976116e+03 7.187225528814488484e+01 1.008952421823953784e+02
3.224842498408442225e+03 7.110575783830907426e+01 9.991864735089716021e+01
3.277294849923382117e+03 7.113395689658297272e+01 9.915621610833180455e+01
3.330600343624588731e+03 7.084787525541733544e+01 9.873030449673962039e+01
3.384772855945982883e+03 7.273141458369752854e+01 9.751551935063014298e+01
3.439826489022924761e+03 7.377393952465455129e+01 9.990175059057287399e+01
3.495775574363275155e+03 7.151692323090777847e+01 1.008447230978013920e+02
3.552634676578139533e+03 7.193109796371552989e+01 9.937093869327928530e+01
3.610418597173337275e+03 7.263231784972975902e+01 1.013789160663742734e+02
3.669142378402494160e+03 7.228363052095976116e+01 1.005515754432211679e+02
3.728821307182833607e+03 7.250535662772689705e+01 1.009767382321484632e+02
3.789470919074667563e+03 7.180283147972913582e+01 1.020112448877726479e+02
3.851107002325568828e+03 7.224896046082751866e+01 1.012524986824854238e+02
3.913745601980383981e+03 7.327536190751794720e+01 9.932022525818460679e+01
3.977403024058036863e+03 7.221626074489789460e+01 1.003133570500492482e+02
4.042095839796305881e+03 7.302098204366212997e+01 1.018471712661585258e+02
4.107840889965646966e+03 7.240607524491210256e+01 1.019183269061133643e+02
4.174655289253134470e+03 7.267558356240996886e+01 1.020834263728053770e+02
4.242556430717777403e+03 7.246605285987432410e+01 1.027878542829441244e+02
4.311561990318228709e+03 7.366929095150960904e+01 1.017170034399550360e+02
4.381689931514189993e+03 7.196139244312762173e+01 1.030598074469961887e+02
4.452958509942655837e+03 7.436638125072502703e+01 1.020852125486837281e+02
4.525386278170166406e+03 7.391890990823996788e+01 9.955308498784789606e+01
4.598992090522438048e+03 7.412719616655014931e+01 1.023102291779424320e+02
4.673795107992463272e+03 7.375077928097394420e+01 1.016683546885809903e+02
4.749814803228499841e+03 7.272938598262223309e+01 1.054080835189764542e+02
4.827070965603183140e+03 7.427936775091905020e+01 1.022313313358150424e+02
4.905583706365045146e+03 7.492220556525802522e+01 1.030175718535039664e+02
4.985373463873893343e+03 7.369765871472202434e+01 1.039465177849682505e+02
5.066461008921268331e+03 7.429645379726335364e+01 1.019189688324139809e+02
5.148867450137492597e+03 7.307095132738615462e+01 1.047964065410318710e+02
5.232614239486661972e+03 7.320459680281369685e+01 1.053655311325615287e+02
5.317723177850972206e+03 7.454234087860719171e+01 1.060959131307796639e+02
5.404216420705914970e+03 7.297267184180131494e+01 1.032428727864837157e+02
5.492116483887789400e+03 7.305268251799817847e+01 1.046995038221166681e+02
5.581446249454960707e+03 7.298389669766635279e+01 1.026342994099721437e+02
5.672228971644543890e+03 7.442373677903754015e+01 1.036945180601304344e+02
5.764488282925879503e+03 7.490735526955661783e+01 1.043884901797446929e+02
5.858248200152535901e+03 7.443957062365630861e+01 1.035179045315714603e+02
5.953533130814370452e+03 7.465273149113509987e+01 1.048382235168139403e+02
6.050367879391218594e+03 7.486574162172237834e+01 1.022754193123646473e+02
6.148777653810023367e+03 7.450910646152699712e+01 1.045182400037344621e+02
6.248788072006894254e+03 7.520683394911198150e+01 1.047244694966726399e+02
6.350425168595961622e+03 7.442717991159651092e+01 1.052421687558486809e+02
6.453715401646702048e+03 7.459998832117591405e+01 1.070077204068934691e+02
6.558685659571428914e+03 7.359472145519544029e+01 1.044018605412438490e+02
6.665363268124913702e+03 7.464713189721162223e+01 1.046307453016121514e+02
6.773775997517751421e+03 7.423554845107275924e+01 1.035982375218136440e+02
6.883952069645496522e+03 7.512595182390411708e+01 1.061536220139242488e+02
6.995920165435374656e+03 7.435229875217838469e+01 1.049494850405673390e+02
7.109709432312431090e+03 7.426595414963615838e+01 1.051746914334345462e+02
7.225349491787213992e+03 7.437310895231884444e+01 1.034297123039104775e+02
7.342870447166765189e+03 7.628978911582673561e+01 1.067107134367530392e+02
7.462302891391107551e+03 7.458311357534500985e+01 1.058132009974662537e+02
7.583677914997190783e+03 7.643850308157961138e+01 1.041727413309454278e+02
7.707027114212295601e+03 7.565591402606699489e+01 1.060918231803921827e+02
7.832382599179196404e+03 7.472189733419772040e+01 1.067673650296668768e+02
7.959777002314986021e+03 7.601830761971280026e+01 1.080672783571252893e+02
8.089243486805938119e+03 7.331831629094105551e+01 1.070441237758053319e+02
8.220815755240540966e+03 7.495205578119363565e+01 1.058216012534109183e+02
8.354528058382862582e+03 7.628359647249797604e+01 1.052264139579941400e+02
8.490415204088747487e+03 7.527640193445037653e+01 1.050074199882101311e+02
8.628512566366895044e+03 7.463696418133440602e+01 1.056171462378447359e+02
8.768856094587426924e+03 7.658206008151383060e+01 1.068436946127846028e+02
8.911482322840201959e+03 7.602099193103977370e+01 1.085190102867691593e+02
9.056428379445294922e+03 7.536471383535089785e+01 1.038925077332651625e+02
9.203731996618220364e+03 7.648171429519382514e+01 1.059086754284845711e+02
9.353431520292386267e+03 7.629026186672003007e+01 1.063611804544582071e+02
9.505565920101191296e+03 7.616396994516249208e+01 1.067842518297401568e+02
9.660174799522645117e+03 7.843900203946493832e+01 1.087567768049132724e+02
9.817298406188840090e+03 7.632988763995520287e+01 1.067441794399690878e+02
9.976977642363201085e+03 7.639736899418727489e+01 1.081257822448881143e+02
1.013925407558814368e+04 7.568997067918370192e+01 1.086393726853541892e+02
1.030416994950587468e+04 7.685071460796595488e+01 1.073344269860529181e+02
1.047176819485520355e+04 7.677761593949689711e+01 1.092058990344868192e+02
1.064209244064724589e+04 7.699647437945633044e+01 1.073082432748764887e+02
1.081518702552289142e+04 7.733161307362954062e+01 1.070586797634428677e+02
1.099109700929496103e+04 7.789844972662324096e+01 1.080882202069015960e+02
1.116986818467822559e+04 7.784877108779163279e+01 1.079428755525464112e+02
1.135154708920999110e+04 7.732051182502154063e+01 1.061187277949473469e+02
1.153618101736478457e+04 7.636730153274675104e+01 1.095049819198828089e+02
1.172381803286599825e+04 7.630986933526438065e+01 1.083821193275995967e+02
1.191450698119774825e+04 7.741277590119854324e+01 1.094790947533685141e+02
1.210829750232039441e+04 7.766218474797030069e+01 1.069394806848451793e+02
1.230524004359261562e+04 7.739659798977854166e+01 1.074836378165716013e+02
1.250538587290391297e+04 7.749851406583934477e+01 1.080627007347406590e+02
1.270878709202059508e+04 7.687104195474285007e+01 1.083921077756114641e+02
1.291549665014882703e+04 7.794343998438635879e+01 1.086619902240356623e+02
1.312556835771842816e+04 7.748728902761246218e+01 1.080908862358537874e+02
1.333905690039058754e+04 7.799411750865867532e+01 1.077494781795350747e+02
1.355601785329368977e+04 7.853738725594483583e+01 1.101014125006649635e+02
1.377650769549054894e+04 7.851894267301400987e+01 1.085174944379517541e+02
1.400058382468096170e+04 7.780230143359821682e+01 1.083891883831711453e+02
1.422830457214351918e+04 7.824281858636467746e+01 1.096205926677955773e+02
1.445972921792019588e+04 7.760742214423255803e+01 1.104104498705882094e+02
1.469491800624817188e+04 7.715425577569273230e+01 1.102754583801619077e+02
1.493393216124253377e+04 7.733497449783428124e+01 1.102383949883899845e+02
1.517683390283403787e+04 7.884748137262563716e+01 1.102829927196893323e+02
1.542368646296627412e+04 7.787963134159792844e+01 1.105971199149419846e+02
1.567455410205595035e+04 7.821435416023098242e+01 1.086459933957188042e+02
1.592950212572123019e+04 7.894437853550063267e+01 1.087308169595712428e+02
1.618859690178199162e+04 7.831598595958760711e+01 1.113854194493497261e+02
1.645190587753660657e+04 7.982138434547225359e+01 1.098016897929652487e+02
1.671949759731991799e+04 7.801346917003382941e+01 1.103092559709042035e+02
1.699144172034625808e+04 7.936756609159769482e+01 1.103965681631934928e+02
1.726780903884355939e+04 7.966479845394412962e+01 1.118375188528166575e+02
1.754867149648152190e+04 7.962622119223497918e+01 1.095688385164277605e+02
1.783410220710006251e+04 7.991635841138815977e+01 1.102255618951716230e+02
1.812417547374239439e+04 7.999449370732922659e+01 1.114239739371707003e+02
1.841896680799710884e+04 7.834206033954117743e+01 1.092190022993376175e+02
1.871855294965579378e+04 8.038886436110178124e+01 1.125808348170826321e+02
1.902301188668945906e+04 7.986564448407862926e+01 1.117938550147903669e+02
1.933242287555043367e+04 7.972739488291396981e+01 1.112781964227937834e+02
1.964686646180448588e+04 7.951346765399284777e+01 1.101846095897042517e+02
1.996642450109793208e+04 7.888316025298453837e+01 1.133062383723888331e+02
2.029118018046678117e+04 8.056652235602525991e+01 1.122009787168595096e+02
2.062121803999144686e+04 7.843494771281584121e+01 1.108251981867223179e+02
2.095662399480430759e+04 8.127600145686530198e+01 1.132477766963255448e+02
2.129748535745523259e+04 8.045248583690684541e+01 1.121302166893292735e+02
2.164389086064020375e+04 8.086396944042341772e+01 1.118736629960940263e+02
2.199593068030074937e+04 8.055134932690903327e+01 1.123692859343321686e+02
2.235369645909796600e+04 7.975766746771576265e+01 1.112315512723849480e+02
2.271728133026902651e+04 8.065457599499002583e+01 1.124815802968818446e+02
2.308677994187172226e+04 8.004970719184326811e+01 1.146515648232375355e+02
2.346228848142262359e+04 8.033803466262949655e+01 1.118366317844711375e+02
2.384390470093720432e+04 7.884914870561281930e+01 1.118011205748052248e+02
2.423172794237600829e+04 8.234080724574268118e+01 1.115259370673014416e+02
2.462585916350543994e+04 8.095647543550526848e+01 1.132447605663142554e+02
2.502640096417921814e+04 8.057108701457407562e+01 1.128254076896069336e+02
2.543345761304648113e+04 8.057672005312628016e+01 1.120125273035590681e+02
2.584713507469563774e+04 8.270246665308933132e+01 1.144859067120143692e+02
2.626754103723838489e+04 7.971220168031138087e+01 1.145874662031265245e+02
2.669478494034317919e+04 8.027432147107518290e+01 1.133459028828424522e+02
2.712897800372470010e+04 8.075028461511513456e+01 1.121718089747161713e+02
2.757023325609582753e+04 8.186064655073749918e+01 1.133976953544111552e+02
2.801866556459195272e+04 8.103871796118961868e+01 1.136917094684120997e+02
2.847439166467247924e+04 8.130813956415649102e+01 1.141236637737965651e+02
2.893753019050947478e+04 8.044904368372334602e+01 1.160062487790828101e+02
2.940820170587066605e+04 8.083817429761538165e+01 1.136129549005250396e+02
2.988652873550382719e+04 7.992109201668262131e+01 1.107735423446154499e+02
3.037263579703311552e+04 8.184617653189062025e+01 1.137364857109846241e+02
3.086664943337274599e+04 8.236448633111201900e+01 1.122134640249641677e+02
3.136869824566873285e+04 8.203327477107609411e+01 1.136982406436312090e+02
3.187891292677649108e+04 8.093839833455177768e+01 1.154780168993721219e+02
3.239742629528195539e+04 8.153715926008804615e+01 1.141173803792793677e+02
3.292437333007768757e+04 8.209122320994050881e+01 1.150162373665658606e+02
3.345989120549974905e+04 8.269232173909264816e+01 1.144373574520395209e+02
3.400411932703702769e+04 8.340208339727770692e+01 1.135355977374826040e+02
3.455719936762142606e+04 8.196323246122553030e+01 1.155602473628352129e+02
3.511927530450727500e+04 8.120619728814001803e+01 1.161240487120150107e+02
3.569049345675229415e+04 8.175847955081601981e+01 1.146193154089664432e+02
3.627100252330648073e+04 8.315920062078255626e+01 1.150287619463624651e+02
3.686095362172154273e+04 8.222097345185028416e+01 1.154057111911782698e+02
3.746050032748997182e+04 8.227947222643044256e+01 1.148436399482725534e+02
3.806979871402284334e+04 8.270372743580854547e+01 1.146679831909270035e+02
3.868900739327975316e+04 8.358644902097704232e+01 1.164056034766484515e+02
3.931828755705770163e+04 8.294293218000970569e+01 1.148116165775678468e+02
3.995780301895265438e+04 8.282025487602749081e+01 1.152280607767711729e+02
4.060772025700369704e+04 8.296464868005547544e+01 1.161760715025510109e+02
4.126820845702951920e+04 8.253850214009059982e+01 1.157288811799359394e+02
4.193943955667185946e+04 8.205279917875090234e+01 1.159813121815539319e+02
4.262158829015324591e+04 8.278771087545658247e+01 1.159510594690114544e+02
4.331483223376394017e+04 8.324396436372062169e+01 1.140144776331756589e+02
4.401935185208878829e+04 8.393045579044741089e+01 1.185652334258504368e+02
4.473533054498463025e+04 8.302913510186235158e+01 1.151963228249387470e+02
4.546295469532399147e+04 8.297917173223481768e+01 1.165779820814832419e+02
4.620241371751313272e+04 8.301515193382407176e+01 1.166988348076265822e+02
4.695390010680053092e+04 8.288130946772812990e+01 1.166010533923148955e+02
4.771760948938750516e+04 8.422298430274349812e+01 1.177148169414264629e+02
4.849374067335233121e+04 8.309506242563628575e+01 1.160267009140953718e+02
4.928249570040513208e+04 8.435289383307818412e+01 1.160717129827231275e+02
5.008407989848212310e+04 8.243434116792327870e+01 1.146827461875925565e+02
5.089870193519674649e+04 8.295046137017367016e+01 1.155600536090218213e+02
5.172657387216024654e+04 8.379523378184960336e+01 1.167598535679905609e+02
5.256791122018419264e+04 8.402811484973058498e+01 1.174514685542306438e+02
5.342293299538352585e+04 8.413914417037322835e+01 1.184340825969368467e+02
5.429186177618942747e+04 8.380459427706810516e+01 1.178664490286087414e+02
5.517492376129117474e+04 8.489164404583966927e+01 1.179607413032464933e+02
5.607234882852038572e+04 8.397572200918274632e+01 1.176059757988791290e+02
5.698437059469136148e+04 8.320506473735889585e+01 1.177276595981547160e+02
5.791122647641758522e+04 8.467768645728142474e+01 1.165187899356672574e+02
5.885315775191450666e+04 8.434872896856319358e+01 1.171921125645951633e+02
5.981040962380931887e+04 8.405609641059523085e+01 1.154012250717525205e+02
6.078323128297235962e+04 8.463177188885390478e+01 1.179748201502140432e+02
6.177187597338488558e+04 8.459486177559108455e+01 1.178271718241496444e+02
6.277660105806499632e+04 8.547813692278960218e+01 1.187482227327329127e+02
6.379766808606282575e+04 8.468310003305290934e+01 1.191364411351562325e+02
6.483534286054714175e+04 8.610231385262589754e+01 1.189266340483112856e+02
6.588989550799956487e+04 8.424185315016244147e+01 1.189787922885286093e+02
6.696160054853215115e+04 8.254595839493951814e+01 1.167180081850894027e+02
6.805073696735205885e+04 8.505019999360077065e+01 1.183336534602647703e+02
6.915758828738525335e+04 8.501866633371160731e+01 1.181882522512874374e+02
7.028244264308338461e+04 8.553990166164953735e+01 1.194653589942088985e+02
7.142559285543134320e+04 8.489784087449167771e+01 1.186179256262515338e+02
7.258733650817246235e+04 8.480513103774494255e+01 1.202344657690297396e+02
7.376797602527731215e+04 8.500036080551426210e+01 1.192018391257736596e+02
7.496781874966877513e+04 8.475171102302692816e+01 1.216406467434581202e+02
7.618717702322982950e+04 8.645512949650913015e+01 1.194374375626255045e+02
7.742636826811278297e+04 8.574803487606175167e+01 1.189835313664464707e+02
7.868571506936843798e+04 8.593132654965104678e+01 1.191443376892982116e+02
7.996554525892346282e+04 8.506238483573648068e+01 1.192276404865471591e+02
8.126619200091945822e+04 8.605679001112409310e+01 1.203197394198696486e+02
8.258799387844254670e+04 8.635323104819066486e+01 1.188248338132804633e+02
8.393129498166372650e+04 8.558587317395239324e+01 1.204819795449494393e+02
8.529644499741015898e+04 8.648371814542802838e+01 1.203507468717097311e+02
8.668379930019774474e+04 8.447404230473662778e+01 1.210798557558177748e+02
8.809371904473990435e+04 8.426686192197600178e+01 1.202280744084626321e+02
8.952657125996382092e+04 8.735914799679332532e+01 1.196486886202853270e+02
9.098272894455568166e+04 8.551935277707313787e+01 1.220410177463355978e+02
9.246257116405734268e+04 8.566013230164683989e+01 1.189383743627269894e+02
9.396648314954691159e+04 8.610026656463733730e+01 1.219740807495633987e+02
9.549485639791966241e+04 8.675932356029049686e+01 1.224175039344987965e+02
9.704808877380307240e+04 8.558290034239409749e+01 1.212836793274602485e+02
9.862658461312830332e+04 8.648713237518768437e+01 1.204165433693308103e+02
1.002307548283864307e+05 8.554961633594231785e+01 1.218895052061244826e+02
1.018610170155975211e+05 8.671129301854820426e+01 1.204697802964007849e+02
1.035177955630176293e+05 8.486865670043405885e+01 1.200059367681499367e+02
1.052015217616159061e+05 8.674756498098959412e+01 1.191104532445204711e+02
1.069126339173477172e+05 8.641875104388886086e+01 1.205724196613146830e+02
1.086515774652537220e+05 8.644292154465594535e+01 1.215909789009486133e+02
1.104188050854160247e+05 8.576669601803232013e+01 1.209692861590575035e+02
1.122147768207980262e+05 8.682806822636858612e+01 1.211712444891596903e+02
1.140399601970033109e+05 8.649989075493424195e+01 1.233948264920507114e+02
1.158948303439811862e+05 8.647220168333970491e+01 1.207897727873391460e+02
1.177798701197118062e+05 8.582218531478562795e+01 1.208722242398973918e+02
1.196955702359042771e+05 8.639713162386728129e+01 1.241106335206402065e+02
1.216424293857368029e+05 8.685859734024307954e+01 1.214017474988402512e+02
1.236209543736769119e+05 8.770353014183233142e+01 1.233976450194490724e+02
1.256316602474121464e+05 8.856900781803128098e+01 1.215184965979482428e+02
1.276750704319264478e+05 8.734503926914632643e+01 1.244782819048244846e+02
1.297517168657586881e+05 8.785638171935616469e+01 1.218880544125092484e+02
1.318621401394748536e+05 8.713674676133429386e+01 1.227214750387381912e+02
1.340068896363950626e+05 8.852615474111105698e+01 1.203485628194904393e+02
1.361865236756082741e+05 8.747132835359053615e+01 1.200829044032712574e+02
1.384016096573130053e+05 8.755392375724007081e+01 1.229757042134511380e+02
1.406527242105236510e+05 8.874670466444318606e+01 1.228860985516765112e+02
1.429404533431761083e+05 8.928037763574567975e+01 1.240207754852866060e+02
1.452653925946781237e+05 8.805504209108374880e+01 1.239536835316851580e+02
1.476281471909391112e+05 8.778143333150146077e+01 1.253389500805961916e+02
1.500293322019216721e+05 8.646594390703151589e+01 1.205920208671327600e+02
1.524695727017573081e+05 8.830912101383822232e+01 1.237321520264472099e+02
1.549495039314631722e+05 8.782007494054468566e+01 1.219609183387234594e+02
1.574697714643086656e+05 8.883537029866762680e+01 1.230028173042740889e+02
1.600310313738701807e+05 8.773451655175810515e+01 1.227684180487597558e+02
1.626339504048190720e+05 8.849591756657846986e+01 1.244838289190778653e+02
1.652792061464893923e+05 8.855851913777266304e+01 1.220303808107777996e+02
1.679674872092653241e+05 8.657347804862223484e+01 1.238619344313623429e+02
1.706994934038407810e+05 8.838809147430377777e+01 1.262595733022514537e+02
1.734759359233932628e+05 8.810184837977919869e+01 1.245747162491392572e+02
1.762975375287203933e+05 9.021224070197197875e+01 1.257965164878209094e+02
1.791650327363899560e+05 8.938699056555877576e+01 1.279615762088111666e+02
1.820791680099462392e+05 8.775938007802047025e+01 1.265180003751219857e+02
1.850407019542302005e+05 8.919145283084576192e+01 1.242510197032974730e+02
1.880504055128583568e+05 8.872625454751448615e+01 1.218419024901384660e+02
1.911090621689136024e+05 8.770884908850717920e+01 1.226822004539219506e+02
1.942174681489024370e+05 8.935187389806046099e+01 1.246781160175987537e+02
1.973764326300255489e+05 9.117281356430521555e+01 1.233086501857001025e+02
2.005867779508233943e+05 8.934480888231961160e+01 1.245582950399526965e+02
2.038493398252464249e+05 8.827233688310958826e+01 1.231412398738265495e+02
2.071649675602066854e+05 9.092464734482668121e+01 1.256070971351501555e+02
2.105345242766703886e+05 8.968526491463231309e+01 1.251111827490379511e+02
2.139588871343421633e+05 8.921197108050719748e+01 1.236369525088958596e+02
2.174389475600080041e+05 8.869797414667631585e+01 1.245932660866159694e+02
2.209756114795903268e+05 9.115208012362703016e+01 1.232838662414839490e+02
2.245697995539771800e+05 8.993497631665987058e+01 1.254994185399795299e+02
2.282224474186896114e+05 8.899867252673313089e+01 1.253652799863688756e+02
2.319345059274427476e+05 8.979381050189161328e+01 1.240444250482143218e+02
2.357069413996727671e+05 8.888576859871467661e+01 1.254802890641532258e+02
2.395407358720879420e+05 8.756044412550716061e+01 1.254990007749800611e+02
2.434368873543113004e+05 9.091869521813111987e+01 1.251046175925431783e+02
2.473964100886811502e+05 8.897667034126108376e+01 1.259172068420511437e+02
2.514203348142796603e+05 9.063250012116692744e+01 1.250969120393568659e+02
2.555097090352507075e+05 8.938347087798182145e+01 1.239839445246207248e+02
2.596655972934872552e+05 9.141251355519935373e+01 1.270945079885621283e+02
2.638890814457513043e+05 8.935084888126557701e+01 1.279176890022348942e+02
2.681812609453012701e+05 8.964626370709723346e+01 1.280357292206854822e+02
2.725432531281028059e+05 8.997450544149340601e+01 1.268928105445544219e+02
2.769761935036890791e+05 9.170668393623955694e+01 1.255054157507194077e+02
2.814812360507581034e+05 8.953418296747466343e+01 1.267058160910925579e+02
2.860595535175745026e+05 9.018997776794910237e+01 1.251762762889934777e+02
2.907123377272575162e+05 9.073332733047593024e+01 1.266709880113767497e+02
2.954407998880379600e+05 8.996852481482044084e+01 1.261499975092356465e+02
3.002461709085549228e+05 9.155170950834778409e+01 1.291009521617508256e+02
3.051297017182870768e+05 8.927686822193474825e+01 1.261699026649796025e+02
3.100926635931929923e+05 9.059839498952840131e+01 1.264064201896646722e+02
3.151363484866475919e+05 9.021461249982615982e+01 1.276740101986103610e+02
3.202620693657650263e+05 9.013470949042680047e+01 1.280304682392370808e+02
3.254711605531848036e+05 9.096490091727319793e+01 1.303419100257756043e+02
3.307649780744242598e+05 9.185905797300864606e+01 1.277012433251240253e+02
3.361449000108768814e+05 9.219978441817008274e+01 1.280452968588649867e+02
3.416123268585525220e+05 9.140142753000250764e+01 1.289177529385961236e+02
3.471686818926559645e+05 9.123782858428675979e+01 1.282903621317948648e+02
3.528154115380882868e+05 9.159203410505969600e+01 1.296181334710140902e+02
3.585539857459816849e+05 9.317092467437059611e+01 1.280945251032812848e+02
3.643858983763548313e+05 9.158638608095463951e+01 1.274369299257998165e+02
3.703126675869923201e+05 9.178693688948460760e+01 1.278140088104343732e+02
3.763358362286532647e+05 9.155120918393242846e+01 1.281028198661320232e+02
3.824569722466999083e+05 9.193808484826888616e+01 1.263755373777278948e+02
3.886776690892667975e+05 9.212959514386270143e+01 1.279807815053984541e+02
3.949995461220646976e+05 9.245039634466365897e+01 1.307313486727498741e+02
4.014242490499317646e+05 9.258492438169039929e+01 1.291784021212905884e+02
4.079534503452448989e+05 9.212098771128164287e+01 1.258759039754609148e+02
4.145888496832911042e+05 9.181122467945206722e+01 1.289726166625928272e+02
4.213321743847288890e+05 9.330058114322810070e+01 1.271702202256014687e+02
4.281851798652415746e+05 9.151825655237206547e+01 1.299627467755581165e+02
4.351496500925045111e+05 9.097593526250683738e+01 1.299859771002896025e+02
4.422273980505897198e+05 9.149413643405620178e+01 1.303804270942006838e+02
4.494202662119141896e+05 9.279941416008571764e+01 1.295107574158764976e+02
4.567301270168746705e+05 9.181844237329384839e+01 1.294461110317557200e+02
4.641588833612782182e+05 9.237785994366433329e+01 1.302385080471465244e+02
4.717084690917012631e+05 9.369894040624252796e+01 1.301456922603697137e+02
4.793808495089106727e+05 9.350508470708017228e+01 1.326105113689435768e+02
4.871780218794631073e+05 9.308501039236067243e+01 1.290217626872308756e+02
4.951020159556351136e+05 9.131577314532155754e+01 1.288216140190640431e+02
5.031548945038056700e+05 9.264800484992483121e+01 1.278375741694680983e+02
5.113387538414321025e+05 9.330615993232122207e+01 1.302467648963083775e+02
5.196557243827657658e+05 9.164066480374239632e+01 1.308911595348336334e+02
5.281079711934330408e+05 9.223802992742079709e+01 1.298514263497182526e+02
5.366976945540476590e+05 9.162780993533677076e+01 1.293279644222570823e+02
5.454271305329835741e+05 9.396767740200014885e+01 1.306385040413171623e+02
5.542985515684663551e+05 9.399844221912081821e+01 1.316630656211676751e+02
5.633142670601351419e+05 9.208290641110366437e+01 1.322113381748408187e+02
5.724766239702178864e+05 9.405954451294165608e+01 1.320728682306275346e+02
5.817880074344935128e+05 9.276466617606764942e+01 1.317718741973902468e+02
5.912508413831881480e+05 9.286485475763529962e+01 1.308521045929146567e+02
6.008675891719680512e+05 9.326163645151554249e+01 1.303016143886683267e+02
6.106407542232036358e+05 9.436969543130165050e+01 1.321988524485451251e+02
6.205728806776501006e+05 9.402473357684539224e+01 1.317203954993935895e+02
6.306665540567405988e+05 9.295051410205054765e+01 1.306996856567671728e+02
6.409244019356457284e+05 9.436342682009275507e+01 1.305278628347412848e+02
6.513490946272795554e+05 9.259769865222173735e+01 1.327756315022402021e+02
6.619433458774387836e+05 9.461523066030007101e+01 1.303573609297143889e+02
6.727099135712336283e+05 9.414665742091659695e+01 1.292548005462084291e+02
6.836516004510239000e+05 9.419024955290768730e+01 1.325388102436928364e+02
6.947712548460239777e+05 9.427232356119091605e+01 1.308308016820410842e+02
7.060717714137765579e+05 9.378761378605486243e+01 1.303051468491444780e+02
7.175560918936921516e+05 9.519750263378583099e+01 1.315235889725594518e+02
7.292272058728312841e+05 9.541911707326515568e+01 1.309644093862277714e+02
7.410881515641569858e+05 9.509216370072908830e+01 1.301586393235426726e+02
7.531420165974375559e+05 9.449393666293480010e+01 1.324836852921789898e+02
7.653919388230155455e+05 9.382917560805934443e+01 1.312016840026321063e+02
7.778411071286482038e+05 9.422798475125372875e+01 1.327077654949870862e+02
7.904927622696420876e+05 9.506574189955040310e+01 1.322886419889683793e+02
8.033501977124734549e+05 9.596012065834482030e+01 1.336994278042556346e+02
8.164167604921471793e+05 9.299394885182984183e+01 1.305832569261800131e+02
8.296958520834915107e+05 9.453189832735250775e+01 1.354193894839749817e+02
8.431909292866251199e+05 9.457981259904043725e+01 1.317107821834188996e+02
8.569055051268347306e+05 9.642646784943177352e+01 1.313675085937662459e+02
8.708431497690724209e+05 9.408402627282745811e+01 1.330314184797521193e+02
8.850074914473438403e+05 9.426001226050875914e+01 1.342392399696636858e+02
8.994022174092053901e+05 9.284795614811888242e+01 1.340204996825066246e+02
9.140310748756222893e+05 9.670033887827483454e+01 1.337623784079137579e+02
9.288978720164498081e+05 9.539954776886678189e+01 1.333344098322898788e+02
9.440064789417603752e+05 9.447534520566019012e+01 1.334844244028959110e+02
9.593608287093146937e+05 9.431457956289774813e+01 1.334951572737127208e+02
9.749649183484095847e+05 9.625657967205822274e+01 1.344422805099916332e+02
9.908228099003786920e+05 9.549650885518452981e+01 1.319461725089383322e+02
1.006938631476027076e+06 9.674203220159022010e+01 1.337580213768855515e+02
1.023316578330244869e+06 9.503795279786274364e+01 1.334509274184843264e+02
1.039960913954120362e+06 9.513838688461034110e+01 1.343008161915291510e+02
1.056875971184805036e+06 9.631872913640813749e+01 1.342753468670406392e+02
1.074066153333432274e+06 9.679961605396567847e+01 1.344716255640794316e+02
1.091535935331391171e+06 9.423456995263346414e+01 1.339635878407248697e+02
1.109289864895222709e+06 9.820481436607067849e+01 1.366210324838145311e+02
1.127332563710487215e+06 9.573131669535466415e+01 1.344252650348739735e+02
1.145668728634872707e+06 9.750697977298662522e+01 1.343278775447672899e+02
1.164303132920875680e+06 9.702926405921763831e+01 1.339483110428797374e+02
1.183240627458377974e+06 9.794972982433874620e+01 1.341145353859270415e+02
1.202486142037412152e+06 9.586191484641243221e+01 1.343064432845021940e+02
1.222044686631488614e+06 9.727568985500988674e+01 1.350809496974736703e+02
1.241921352701784577e+06 9.740835929059385023e+01 1.365664862184591186e+02
1.262121314522546018e+06 9.649272078385278917e+01 1.357456090424931290e+02
1.282649830528059974e+06 9.652720768340043378e+01 1.362982311127512958e+02
1.303512244681508979e+06 9.717362234593336723e+01 1.337844771298079536e+02
1.324713987866117386e+06 9.740868354694200093e+01 1.367825615542469109e+02
1.346260579298910918e+06 9.715224872524500199e+01 1.355027134545606771e+02
1.368157627967470558e+06 9.826910769274283552e+01 1.345181018276983309e+02
1.390410834090069635e+06 9.945169013377410749e+01 1.342618370662369784e+02
1.413025990599533543e+06 9.785390110299761091e+01 1.353433245583252926e+02
1.436008984651260544e+06 9.909121516001789587e+01 1.369554338610670925e+02
1.459365799155757762e+06 9.708288317089365194e+01 1.375829914959540474e+02
1.483102514336102875e+06 9.863952911969151671e+01 1.362949985665271981e+02
1.507225309310755460e+06 9.843169917135814728e+01 1.376951580758717171e+02
1.531740463702079840e+06 9.769585759595585728e+01 1.374395329431934840e+02
1.556654359271062072e+06 9.883441267676542452e+01 1.366461752735532968e+02
1.581973481578601524e+06 9.951234843282911413e+01 1.384718034722122582e+02
1.607704421673821984e+06 9.829801951098717439e+01 1.381516378018153546e+02
1.633853877809860278e+06 9.842608338008838587e+01 1.366989140195091181e+02
1.660428657187529607e+06 9.972416524188552955e+01 1.381782830696095630e+02
1.687435677727375645e+06 9.985814804522506449e+01 1.353498817450582976e+02
1.714881969870540779e+06 9.872362326182833669e+01 1.402873081775322817e+02
1.742774678408917272e+06 9.925279994571980069e+01 1.412308873866427064e+02
1.771121064345086925e+06 9.975322490028801781e+01 1.393402328353433575e+02
1.799928506782476557e+06 9.918058104012560250e+01 1.404403516093709356e+02
1.829204504846293712e+06 9.934217551902126786e+01 1.414886668588169698e+02
1.858956679635688197e+06 1.001493316743141264e+02 1.377802136190133240e+02
1.889192776207664283e+06 9.879687661720628000e+01 1.377114976468049008e+02
1.919920665593282785e+06 9.898761957354624030e+01 1.401228180917988482e+02
1.951148346846616361e+06 1.018597165698937346e+02 1.428450029855426067e+02
1.982883949127071304e+06 9.987535922486642903e+01 1.387890915298825973e+02
2.015135733815558488e+06 1.011359003229280233e+02 1.393538158723797267e+02
2.047912096665083431e+06 1.009154881238501105e+02 1.415786927551478982e+02
2.081221569986337097e+06 1.002842720119535187e+02 1.422053505157813333e+02
2.115072824868794531e+06 9.965495397663470101e+01 1.415006994719806244e+02
2.149474673437980469e+06 9.946548676761790375e+01 1.398181367555968961e+02
2.184436071149428375e+06 9.930551023179715742e+01 1.401093498968533027e+02
2.219966119119952433e+06 1.021790198206461326e+02 1.420675337826272653e+02
2.256074066496859305e+06 1.006540824409934345e+02 1.416992129516841601e+02
2.292769312865648884e+06 1.007784430114325289e+02 1.404142226280160628e+02
2.330061410696924664e+06 1.025677428011476024e+02 1.426484821008001234e+02
2.367960067833078559e+06 1.004071989785234820e+02 1.414876342107189657e+02
2.406475150015421677e+06 1.008891832335210381e+02 1.399996426542730887e+02
2.445616683452444151e+06 1.000118517721088978e+02 1.415499143191993312e+02
2.485394857429798692e+06 1.017797056564247384e+02 1.445611692199494769e+02
2.525820026962784585e+06 1.024138469378512752e+02 1.412005209913925228e+02
2.566902715491951909e+06 1.006975213420388826e+02 1.421436361922919502e+02
2.608653617622550577e+06 1.009175231214345416e+02 1.441773542360115528e+02
2.651083601908536162e+06 1.025316352995617279e+02 1.430896794234778611e+02
2.694203713681882247e+06 1.022233273014841188e+02 1.425591574235932626e+02
2.738025177927857731e+06 1.020289653571398816e+02 1.438961320327008480e+02
2.782559402207125910e+06 1.028924230751952251e+02 1.433964941376295030e+02
2.827817979625343811e+06 1.035277761074039091e+02 1.448472408049545379e+02
2.873812691851063631e+06 1.031745634951762156e+02 1.437258200717960221e+02
2.920555512182745151e+06 1.043744914703131883e+02 1.420786713775393082e+02
2.968058608665602282e+06 1.038070335303438441e+02 1.440930276667671421e+02
3.016334347259197384e+06 1.044684577691492962e+02 1.456016032778642284e+02
3.065395295056529809e+06 1.017698547321903249e+02 1.417184791180908690e+02
3.115254223555484787e+06 1.042860239685072514e+02 1.468631317461066317e+02
3.165924111983520444e+06 1.037235706890817823e+02 1.448912848489613907e+02
3.217418150676371530e+06 1.043709387342483126e+02 1.443874012690305904e+02
3.269749744511767756e+06 1.028333143481420819e+02 1.447209378052307329e+02
3.322932516398975160e+06 1.047477155961046122e+02 1.451965741469123827e+02
3.376980310825088061e+06 1.051129135412898137e+02 1.463249148805163600e+02
3.431907197459042538e+06 1.039051820657531522e+02 1.466859599199115962e+02
3.487727474814177491e+06 1.040394336108372784e+02 1.440905620318098670e+02
3.544455673970435746e+06 1.054090351528920309e+02 1.434643528510287069e+02
3.602106562357073650e+06 1.036619618402845902e+02 1.454724344432325154e+02
3.660695147596898489e+06 1.053182121728497975e+02 1.443577391692013236e+02
3.720236681413066108e+06 1.048982408636666150e+02 1.447867881435520303e+02
3.780746663599349093e+06 1.050972288972188267e+02 1.454022668936273703e+02
3.842240846055061091e+06 1.065390158935842635e+02 1.470431702732392409e+02
3.904735236885563936e+06 1.054376145336929369e+02 1.457527336728345517e+02
3.968246104569477960e+06 1.054276207608512692e+02 1.464667861855644446e+02
4.032789982193705160e+06 1.031559314253799613e+02 1.474961757168454994e+02
4.098383671757261269e+06 1.054107488048009174e+02 1.452355869975205565e+02
4.165044248545185197e+06 1.057593065252223852e+02 1.472590818446731760e+02
4.232789065573552623e+06 1.060672776670748050e+02 1.473702415889971462e+02
4.301635758106790483e+06 1.062374769710228577e+02 1.472900803429524785e+02
4.371602248248502612e+06 1.063698108484274343e+02 1.475826191423292357e+02
4.442706749606883153e+06 1.060714847318772911e+02 1.467505512453221570e+02
4.514967772036101669e+06 1.056438216017874794e+02 1.486157784126293677e+02
4.588404126454761252e+06 1.056106125286287920e+02 1.468738627400288124e+02
4.663034929742726497e+06 1.063659322597354020e+02 1.492808013032103815e+02
4.738879609717651270e+06 1.061098512292900296e+02 1.482683436300468998e+02
4.815957910192350857e+06 1.065744331931287832e+02 1.493226472044654827e+02
4.894289896114531904e+06 1.070440011465536401e+02 1.457759569813884184e+02
4.973895958790067583e+06 1.078710061344750812e+02 1.475773557420125996e+02
5.054796821191235445e+06 1.072123449346961905e+02 1.490029642138311203e+02
5.137013543351339176e+06 1.065975478496803106e+02 1.495917343960926473e+02
5.220567527846975252e+06 1.072568671636417861e+02 1.504365806708779871e+02
5.305480525369574316e+06 1.089040277620737101e+02 1.511872892546887499e+02
5.391774640387505293e+06 1.079250655806881980e+02 1.509805425858451713e+02
5.479472336900281720e+06 1.086350165730457036e+02 1.522855180634601027e+02
5.568596444286408834e+06 1.074412721683897303e+02 1.496948389635097953e+02
5.659170163246242329e+06 1.082467074424917826e+02 1.482723476825253499e+02
5.751217071841613390e+06 1.088214893573787947e+02 1.495607221779704901e+02
5.844761131633637473e+06 1.078594057590146065e+02 1.499208109111645513e+02
5.939826693920350634e+06 1.092820380588494658e+02 1.494660917462050236e+02
6.036438506075863726e+06 1.079803618819704525e+02 1.529684240788901661e+02
6.134621717992505990e+06 1.085051235861728429e+02 1.512886295639304706e+02
6.234401888627863489e+06 1.084638107231138804e+02 1.512732183867831850e+02
6.335804992658253759e+06 1.081164665221283059e+02 1.528273753710398069e+02
6.438857427240412682e+06 1.087028868488359024e+02 1.503346164314317548e+02
6.543586018883229233e+06 1.093297580443817623e+02 1.495176500506382524e+02
6.650018030431118794e+06 1.099844608068611365e+02 1.520442572366252705e+02
6.758181168161110021e+06 1.090827245763722004e+02 1.517068709837743654e+02
6.868103588995307684e+06 1.080833398905531197e+02 1.517973845653870910e+02
6.979813907830652781e+06 1.096954820075014680e+02 1.526520864845248013e+02
7.093341204987989739e+06 1.102609911574218984e+02 1.513115019355975335e+02
7.208715033782135695e+06 1.095196710662918207e+02 1.519172301024095759e+02
7.325965428215229884e+06 1.094943248711392130e+02 1.546704322412566626e+02
7.445122910795142874e+06 1.096644908429969689e+02 1.535337318767209922e+02
7.566218500481047668e+06 1.104132593785784593e+02 1.521979889780442079e+02
7.689283720758305863e+06 1.090436374741546359e+02 1.540241787569505334e+02
7.814350607844541781e+06 1.110782302203075886e+02 1.537501347394664037e+02
7.941451719029339962e+06 1.115338654205704785e+02 1.526689943559461824e+02
8.070620141149506904e+06 1.129102561130203384e+02 1.541554225809736920e+02
8.201889499202211387e+06 1.114267624584481098e+02 1.543901175531510717e+02
8.335293965098187327e+06 1.113285233771844105e+02 1.530121116868130002e+02
8.470868266557402909e+06 1.110088073809081237e+02 1.543452129188167419e+02
8.608647696149244905e+06 1.132587741431053558e+02 1.526280622522987755e+02
8.748668120479913428e+06 1.098691308175954617e+02 1.544043452714927298e+02
8.890965989529166371e+06 1.128605700361115964e+02 1.539346000314353944e+02
9.035578346138920635e+06 1.116123061550010362e+02 1.535986132462932687e+02
9.182542835656281561e+06 1.104910722627657691e+02 1.564444543638859102e+02
9.331897715733239427e+06 1.121958009384430994e+02 1.555766454592954915e+02
9.483681866285927594e+06 1.117666134549307344e+02 1.550575389202609244e+02
9.637934799615794793e+06 1.115092585973534085e+02 1.541364878614087957e+02
9.794696670695384964e+06 1.130669294360045569e+02 1.540995913399672190e+02
9.954008287621518597e+06 1.120166151188516750e+02 1.573482447900427701e+02
1.011591112223829702e+07 1.132292661059170911e+02 1.558501922623772487e+02
1.028044732093309797e+07 1.133192892387339157e+02 1.554216197477015555e+02
1.044765971560805291e+07 1.115312429056302790e+02 1.570848957422961121e+02
1.061759183482998982e+07 1.121808440041982635e+02 1.571820896358501329e+02
1.079028791516183689e+07 1.129233373685318611e+02 1.593170794612897794e+02
1.096579291267809831e+07 1.130603673675177561e+02 1.570576112209479618e+02
1.114415251466788165e+07 1.159092417956242826e+02 1.557533808715453461e+02
1.132541315152812563e+07 1.132165475990120314e+02 1.590197402610959330e+02
1.150962200885031186e+07 1.150714798061835893e+02 1.583786303067305710e+02
1.169682703970384598e+07 1.131096235198620121e+02 1.544304085957160169e+02
1.188707697711903229e+07 1.141531253640345369e+02 1.593779747131981424e+02
1.208042134677328914e+07 1.126981185959724741e+02 1.576602703506887337e+02
1.227691047988360375e+07 1.132162058679206211e+02 1.584574018407050175e+02
1.247659552630868554e+07 1.144595075968418030e+02 1.595030721923633905e+02
1.267952846786434017e+07 1.140367117436602342e+02 1.597594688639290155e+02
1.288576213185518049e+07 1.153239902008057669e+02 1.569847985121401166e+02
1.309535020482667722e+07 1.148003618048260392e+02 1.605237283424835368e+02
1.330834724654076062e+07 1.147059109190120978e+02 1.565118775262566828e+02
1.352480870417873934e+07 1.135719532337241731e+02 1.594755331910791085e+02
1.374479092677536607e+07 1.151087397466037316e+02 1.605065606131882987e+02
1.396835117988739721e+07 1.147426939792260612e+02 1.563894346436870535e+02
1.419554766050101630e+07 1.152204143859020888e+02 1.598153617999643359e+02
1.442643951218158752e+07 1.163036061532435070e+02 1.621137443840099763e+02
1.466108684046982974e+07 1.156921632083778917e+02 1.612293307973414755e+02
1.489955072852853686e+07 1.155301048204776464e+02 1.643388969160454280e+02
1.514189325304351933e+07 1.161114969398108627e+02 1.613401451635710941e+02
1.538817750038346462e+07 1.179849731922295177e+02 1.624337945726240093e+02
1.563846758302247711e+07 1.162194241728182647e+02 1.617570323192277897e+02
1.589282865622976422e+07 1.169703157649361458e+02 1.618208905012938885e+02
1.615132693503089622e+07 1.155028935942086008e+02 1.610666615069650049e+02
1.641402971144466475e+07 1.175429812718972187e+02 1.632891279732830299e+02
1.668100537200059183e+07 1.158370956170606121e+02 1.609230667239513082e+02
1.695232341554121301e+07 1.172642013251343371e+02 1.611980390260120544e+02
1.722805447131392360e+07 1.171658222320072156e+02 1.604357122190033351e+02
1.750827031735723466e+07 1.148142173807329272e+02 1.636085236715378528e+02
1.779304389918577299e+07 1.164186688157227536e+02 1.638107416530618252e+02
1.808244934877951816e+07 1.168057018195239891e+02 1.611740308349573638e+02
1.837656200388172269e+07 1.183487283615941834e+02 1.626143077015527467e+02
1.867545842761074007e+07 1.179508576067042469e+02 1.637110987252470693e+02
1.897921642839099467e+07 1.178801354101830441e+02 1.644879411938086946e+02
1.928791508020777628e+07 1.160771166821785130e+02 1.621269086706825817e+02
1.960163474319185689e+07 1.178693461796045341e+02 1.654454846471512042e+02
1.992045708453871310e+07 1.186930069963576244e+02 1.636839660433232950e+02
2.024446509976801649e+07 1.176448197403289697e+02 1.648206407091418839e+02
2.057374313432911411e+07 1.193047364687520258e+02 1.653776903293048406e+02
2.090837690555749834e+07 1.192261703748764887e+02 1.639796730786322598e+02
2.124845352498883009e+07 1.178433763293655545e+02 1.656105565320403343e+02
2.159406152103567496e+07 1.182917724349683368e+02 1.640624600499737085e+02
2.194529086203311384e+07 1.197515725221585399e+02 1.634395298108834709e+02
2.230223297965936363e+07 1.168590741289169017e+02 1.675640658570251276e+02
2.266498079273692891e+07 1.198169953276693462e+02 1.657829834545418350e+02
2.303362873142131418e+07 1.210271368288603497e+02 1.667350794122544357e+02
2.340827276178294420e+07 1.183706933837041078e+02 1.648146536387235699e+02
2.378901041078890860e+07 1.208601738077882288e+02 1.622951318938440011e+02
2.417594079169128463e+07 1.199381021740329487e+02 1.675526693676142997e+02
2.456916462982790172e+07 1.196173453973709542e+02 1.673091885719512106e+02
2.496878428884326667e+07 1.193956956195014669e+02 1.655802317414583342e+02
2.537490379733571783e+07 1.212235668180500454e+02 1.678494951216737547e+02
2.578762887593803555e+07 1.199402905192668385e+02 1.668338171929077305e+02
2.620706696483849734e+07 1.205613434341579904e+02 1.680159630902896026e+02
2.663332725174980611e+07 1.208188828209060688e+02 1.690652243678890443e+02
2.706652070033241436e+07 1.205512337596234005e+02 1.666641582646726363e+02
2.750676007908067480e+07 1.214261940731355907e+02 1.667760165603533551e+02
2.795415999067859352e+07 1.192137274164749527e+02 1.692018010759602191e+02
2.840883690183301270e+07 1.213079445683265050e+02 1.672092429188872131e+02
2.887090917359234765e+07 1.200690193782935893e+02 1.641304373318762373e+02
2.934049709215787053e+07 1.211533096608256841e+02 1.667897910952175664e+02
2.981772290019673482e+07 1.203055711524876585e+02 1.686036705277108183e+02
3.030271082866399363e+07 1.214233713298258266e+02 1.683899074050506215e+02
3.079558712914223224e+07 1.216596965202851379e+02 1.689408926834266254e+02
3.129648010670750588e+07 1.201541167587389509e+02 1.698219121351469028e+02
3.180552015332919732e+07 1.239914533766080922e+02 1.672909046280840073e+02
3.232283978181380779e+07 1.217072448089156183e+02 1.710361933402865020e+02
3.284857366030047089e+07 1.210476422855693954e+02 1.694688040228116392e+02
3.338285864731757715e+07 1.223115401907277118e+02 1.691124230577143521e+02
3.392583382740991563e+07 1.240360130975759034e+02 1.682531668896371855e+02
3.447764054734463990e+07 1.240671942066211102e+02 1.699450127200275631e+02
3.503842245290675759e+07 1.226435456906700665e+02 1.694743585511097024e+02
3.560832552629281580e+07 1.215898056772009710e+02 1.724297967462966312e+02
3.618749812411276996e+07 1.233026530126417128e+02 1.686838574336787531e+02
3.677609101601030678e+07 1.210691983363938675e+02 1.735122685050986604e+02
3.737425742391064018e+07 1.236974276803965580e+02 1.696274289779781554e+02
3.798215306190736592e+07 1.242567890098228389e+02 1.697302881802024785e+02
3.859993617679771036e+07 1.234638182301187754e+02 1.698146611029342239e+02
3.922776758927715570e+07 1.224502060284750371e+02 1.704483942983436293e+02
3.986581073580438644e+07 1.256273122730787151e+02 1.748450555089202396e+02
4.051423171114647388e+07 1.241582050351838973e+02 1.745522799907727745e+02
4.117319931161679327e+07 1.255705401141969588e+02 1.722846360232425980e+02
4.184288507901584357e+07 1.244946396840093996e+02 1.732274278303513881e+02
4.252346334528677911e+07 1.239673790042491248e+02 1.720834039179066224e+02
4.321511127789761871e+07 1.264534869183371910e+02 1.750785383075140942e+02
4.391800892596086115e+07 1.249743700117389835e+02 1.719338385678194641e+02
4.463233926710397005e+07 1.254808916329969293e+02 1.734773258213159011e+02
4.535828825510191172e+07 1.255102872953694515e+02 1.740015392230131965e+02
4.609604486828429252e+07 1.265496486891466503e+02 1.732729764201522471e+02
4.684580115873045474e+07 1.238173900824820635e+02 1.735488725352938104e+02
4.760775230226368457e+07 1.267041716160969997e+02 1.727522639332859740e+02
4.838209664925957471e+07 1.251666472037640574e+02 1.757246274746156018e+02
4.916903577628031373e+07 1.269521021602350430e+02 1.720397540881900511e+02
4.996877453854878992e+07 1.256140643689384291e+02 1.736853493629108414e+02
5.078152112327670306e+07 1.246431742801193252e+02 1.724131410824930413e+02
5.160748710385907441e+07 1.260143575580312358e+02 1.754141605161081259e+02
5.244688749495118856e+07 1.293444939974420720e+02 1.734238261901868441e+02
5.329994080844093114e+07 1.254137663637591800e+02 1.755001655766787962e+02
5.416686911033146828e+07 1.261396266009567313e+02 1.776084202104490259e+02
5.504789807854967564e+07 1.290212745995014245e+02 1.707087911155208815e+02
5.594325706169377267e+07 1.274907178090100217e+02 1.763182451457012405e+02
5.685317913873753697e+07 1.260321298628710736e+02 1.748002721740222398e+02
5.777790117970506847e+07 1.276906100287503989e+02 1.759577260404738865e+02
5.871766390733249485e+07 1.269675570544692249e+02 1.744301422220115114e+02
5.967271195973310620e+07 1.255497483112550583e+02 1.767650007486319055e+02
6.064329395408061892e+07 1.280230452155323917e+02 1.762157062734470685e+02
6.162966255132941902e+07 1.286000342902366640e+02 1.799824210048928990e+02
6.263207452198692411e+07 1.273567883606772142e+02 1.745875769867271003e+02
6.365079081295564771e+07 1.282469928637865451e+02 1.784242132568638226e+02
6.468607661546320468e+07 1.270194854749379942e+02 1.758572677467865333e+02
6.573820143409585208e+07 1.284328646024021054e+02 1.773377322258304787e+02
6.680743915695614368e+07 1.296971305144147095e+02 1.801213812468721471e+02
6.789406812696112692e+07 1.291440944892989648e+02 1.748940494304403330e+02
6.899837121430011094e+07 1.282193431389263765e+02 1.777899217201011766e+02
7.012063589007176459e+07 1.276498985402285626e+02 1.777866344874652498e+02
7.126115430111745000e+07 1.285356103781358286e+02 1.785976200534121290e+02
7.242022334607315063e+07 1.290593566153139591e+02 1.801728322664115751e+02
7.359814475265771151e+07 1.286746044387371910e+02 1.793430731146623884e+02
7.479522515621814132e+07 1.286371553611606089e+02 1.801979730455817617e+02
7.601177617955322564e+07 1.291344318163053799e+02 1.788522545543227409e+02
7.724811451403400302e+07 1.286837543691223402e+02 1.765474554577666595e+02
7.850456200204509497e+07 1.310272766511973828e+02 1.790262475553807633e+02
7.978144572076629102e+07 1.333685502437796231e+02 1.810397916475135673e+02
8.107909806731678545e+07 1.300544839921718392e+02 1.798019794142613534e+02
8.239785684528511763e+07 1.338998168070725114e+02 1.784123897634941329e+02
8.373806535266488791e+07 1.302862819815112800e+02 1.787406041646349593e+02
8.510007247122246027e+07 1.313407582223168220e+02 1.798915509051264507e+02
8.648423275731725991e+07 1.315988721471809413e+02 1.830555036536694331e+02
8.789090653419964015e+07 1.299415919375934152e+02 1.794301440668795067e+02
8.932045998580959439e+07 1.318022212955266355e+02 1.808716179930585781e+02
9.077326525210224092e+07 1.336070192149184948e+02 1.819194630192036755e+02
9.224970052592174709e+07 1.296165308322276246e+02 1.820603534327044883e+02
9.375015015145289898e+07 1.334230314519342926e+02 1.818423397163951449e+02
9.527500472427299619e+07 1.328267853222165513e+02 1.792972858128197799e+02
9.682466119303114712e+07 1.306548366724096866e+02 1.847306947493550240e+02
9.839952296278226376e+07 1.307771526668368267e+02 1.818845745698256451e+02
1.000000000000000000e+08 1.324072155185554607e+02 1.857032188006971012e+02
