# 1000 rows, 3 columns : energy (GeV), meson, baryon sigma (mb)
1.000000000000000000e+01 2.944999399296862634e+02 4.202782356586629930e+02
1.016265089392994625e+01 2.945671836552492664e+02 4.230379338724216041e+02
1.032794731918951392e+01 2.969790584061054801e+02 4.089373393938428194e+02
1.049593230558227752e+01 3.024068266349766532e+02 4.178811334618599176e+02
1.066664958279539377e+01 2.942304577478476517e+02 4.177906464421551505e+02
1.084014359178330977e+01 2.922289802161935768e+02 4.106882972289470217e+02
1.101645949633656407e+01 3.007438398592772160e+02 4.049974775539523080e+02
1.119564319483878201e+01 2.984636030390963128e+02 4.142748414943318380e+02
1.137774133221491368e+01 2.972912023238209258e+02 4.070987532573080898e+02
1.156280131207375916e+01 2.955847844435684237e+02 4.213985898233041212e+02
1.175087130904807609e+01 2.998375718510441175e+02 4.143397850812283423e+02
1.194200028133531966e+01 2.931507490723702745e+02 4.170950325721340732e+02
1.213623798344240612e+01 3.004866694065691490e+02 4.075700777435004056e+02
1.233363497913775930e+01 2.963889196416102436e+02 4.179042631500123548e+02
1.253424265461400111e+01 2.919492665117679735e+02 4.150217823873040857e+02
1.273811323186478539e+01 2.961716011458028674e+02 4.148111477674725052e+02
1.294529978227915379e+01 2.955859985357903952e+02 4.163438123405132387e+02
1.315585624045704449e+01 2.997878925640811190e+02 4.096408011614761335e+02
1.336983741824946570e+01 2.922059037809533493e+02 4.126172167208306973e+02
1.358729901902709791e+01 2.908543582989512402e+02 4.145080280117821303e+02
1.380829765218092398e+01 2.964352790959520121e+02 4.174154185338929324e+02
1.403289084785872376e+01 2.966877726628181904e+02 4.094683244680011285e+02
1.426113707194128999e+01 2.944446186825783798e+02 4.175142454698937513e+02
1.449309574126216660e+01 2.966871849158253553e+02 4.137862139011343743e+02
1.472882723907502545e+01 2.953742246784636905e+02 4.125724524439368679e+02
1.496839293077255562e+01 2.987800012643160130e+02 4.133694035190764566e+02
1.521185517986104863e+01 2.943546875744146973e+02 4.133246397462693835e+02
1.545927736419477760e+01 2.969461835550732758e+02 4.136572516397635582e+02
1.571072389247450474e+01 2.981382997549530387e+02 4.150044326285176908e+02
1.596626022101425946e+01 2.976959616082253888e+02 4.046619759328188479e+02
1.622595287078087267e+01 2.978252626596765822e+02 4.108849987155837198e+02
1.648986944471064930e+01 2.984973749663175795e+02 4.147218449267795108e+02
1.675807864530768043e+01 2.958805100463454210e+02 4.214959866357298210e+02
1.703065029252844198e+01 2.926769890164858907e+02 4.203506415212051479e+02
1.730765534195725053e+01 3.015976121365181370e+02 4.186628080301200043e+02
1.758916590327732621e+01 2.966128238548456579e+02 4.217829685738229841e+02
1.787525525904235479e+01 3.002894017918570739e+02 4.097476903455720390e+02
1.816599788375327762e+01 2.989107435981999288e+02 4.142238825027448570e+02
1.846146946324547500e+01 3.035967170407218987e+02 4.218802217938975332e+02
1.876174691439120323e+01 2.985312525306304678e+02 4.229707982339642740e+02
1.906690840512251839e+01 2.945726219941001318e+02 4.176534098622392435e+02
1.937703337477988796e+01 3.011490038416173434e+02 4.167321227189912634e+02
1.969220255479172366e+01 2.997236337442206491e+02 4.138705699490809593e+02
2.001249798969037030e+01 2.959746708878337813e+02 4.168354625130506292e+02
2.033800305846980905e+01 2.996336683958249978e+02 4.197462204971860729e+02
2.066880249629081945e+01 2.988134975160787121e+02 4.130724478814373128e+02
2.100498241653915343e+01 2.982439456971283107e+02 4.170938099715266958e+02
2.134663033324244452e+01 2.972461031223759846e+02 4.146735751521198949e+02
2.169383518385184217e+01 3.016205314250724427e+02 4.204429528615954155e+02
2.204668735239408761e+01 3.043323317509470485e+02 4.195264756197184397e+02
2.240527869300018082e+01 2.937457329990416497e+02 4.213719520654665303e+02
2.276970255381679920e+01 3.054330760760255998e+02 4.256297412636411082e+02
2.314005380130652867e+01 3.002076590696672156e+02 4.264244917682377718e+02
2.351642884494348706e+01 3.039127260950595542e+02 4.240225375493482147e+02
2.389892566231050353e+01 3.091959028384061412e+02 4.244296975226558857e+02
2.428764382460450477e+01 2.984116826529095761e+02 4.243658774032603560e+02
2.468268452255692580e+01 3.037744492061023607e+02 4.177237041927505174e+02
2.508415059277539783e+01 3.038274238743596811e+02 4.153906451209980446e+02
2.549214654451423101e+01 3.050265179035422989e+02 4.188722740288789623e+02
2.590677858688008683e+01 2.988584148478005886e+02 4.150128681066084937e+02
2.632815465648021203e+01 3.053068086592144823e+02 4.238633189346285235e+02
2.675638444552045314e+01 2.985545535014579741e+02 4.281002815730661268e+02
2.719157943036017500e+01 3.002132056082688791e+02 4.245454362852020154e+02
2.763385290053169996e+01 3.027168986669740320e+02 4.243034318960629321e+02
2.808331998823172526e+01 3.009415961132314692e+02 4.255829195018048949e+02
2.854009769829238863e+01 2.994889119668621333e+02 4.246050438619622014e+02
2.900430493863991543e+01 2.999088514817125315e+02 4.203520577267569251e+02
2.947606255124857100e+01 3.013618556804248669e+02 4.157418476640819449e+02
2.995549334359813187e+01 2.992653684907340903e+02 4.268221956619704542e+02
3.044272212064302607e+01 3.082293925740517579e+02 4.282564003673669504e+02
3.093787571730138453e+01 3.030294360888769347e+02 4.234853612622602554e+02
3.144108303147264749e+01 3.058982132016507194e+02 4.245129470667288274e+02
3.195247505759212103e+01 3.082506782057570831e+02 4.148388597672230276e+02
3.247218492073128715e+01 3.049035421135250203e+02 4.289420018383872275e+02
3.300034791125285238e+01 2.994964722509894273e+02 4.144089559311344715e+02
3.353710152002930300e+01 3.052843826443491935e+02 4.323622377859163635e+02
3.408258547423452001e+01 3.022924033204730563e+02 4.221129324621383034e+02
3.463694177371732508e+01 3.009784287831482743e+02 4.297675471747587608e+02
3.520031472796679139e+01 3.084320081439083197e+02 4.210475719029517450e+02
3.577285099367873755e+01 3.017520756761470011e+02 4.257770530644293672e+02
3.635469961293319585e+01 3.066685450971035038e+02 4.324244206591341140e+02
3.694601205199302285e+01 3.011780038374967603e+02 4.170023836369899186e+02
3.754694224073336528e+01 3.055108488352089466e+02 4.318072829325835187e+02
3.815764661271248315e+01 3.060409764216173016e+02 4.271548401833210846e+02
3.877828414589457395e+01 3.059686037052287588e+02 4.289549046062791717e+02
3.940901640403449591e+01 3.047026002339096067e+02 4.388349468425756754e+02
4.005000757873611406e+01 3.078893573338562533e+02 4.306668936841552977e+02
4.070142453219438750e+01 3.130645454854963532e+02 4.192068449149138019e+02
4.136343684063273685e+01 3.068668053660086912e+02 4.257091849259368246e+02
4.203621683844713885e+01 3.046439482092649200e+02 4.232174532094499568e+02
4.271993966306779100e+01 3.129780570897067378e+02 4.306006698498238734e+02
4.341478330055092272e+01 3.063566637471525951e+02 4.174931035878699390e+02
4.412092863191190162e+01 3.045648473679925701e+02 4.297742351943879271e+02
4.483855948021186322e+01 3.082761575450160763e+02 4.291543046741841749e+02
4.556786265841063965e+01 3.070955304050647783e+02 4.326645576365369834e+02
4.630902801799739166e+01 3.045189089378650351e+02 4.259792002011764112e+02
4.706224849841281355e+01 3.130035292314591970e+02 4.381553282281582256e+02
4.782772017727485547e+01 3.086877000253514893e+02 4.300040638071164949e+02
4.860564232142133534e+01 3.052102477035854804e+02 4.248668706129388397e+02
4.939621743878320359e+01 3.023106211199956874e+02 4.339691763383546572e+02
5.019965133110081723e+01 3.073875462611732701e+02 4.360281626985324692e+02
5.101615314749833630e+01 3.112013933609977130e+02 4.363142743922874160e+02
5.184593543892913203e+01 3.067468254671160821e+02 4.380085822968467824e+02
5.268921421350671608e+01 3.095632449237461969e+02 4.290473912529625977e+02
5.354620899273607648e+01 3.060440566864203902e+02 4.279421084556183814e+02
5.441714286865889960e+01 3.063019885387516865e+02 4.288597327529178074e+02
5.530224256192899901e+01 3.052448023643399893e+02 4.296116350708883260e+02
5.620173848083187806e+01 3.118240237131984145e+02 4.354991822154267425e+02
5.711586478126432098e+01 3.151965106242755041e+02 4.347954153846580425e+02
5.804485942768977935e+01 3.153270561200867519e+02 4.348813233908585971e+02
5.898896425508496577e+01 3.064269167517985011e+02 4.368712789526418305e+02
5.994842503189408944e+01 3.098790546041716993e+02 4.412719716802799894e+02
6.092349152400711887e+01 3.110471661831168149e+02 4.392184775041039870e+02
6.191441755977844252e+01 3.105701280630825636e+02 4.347073508369255705e+02
6.292146109610344240e+01 3.061629807063962971e+02 4.376966321578486259e+02
6.394488428556942949e+01 3.167076542139509456e+02 4.436389545446084526e+02
6.498495354469888241e+01 3.097884425883399331e+02 4.299585661694325154e+02
6.604193962330305112e+01 3.167097483918576017e+02 4.308780087034860458e+02
6.711611767496283676e+01 3.172982649544485980e+02 4.364418264521251558e+02
6.820776732865685688e+01 3.069251908504424478e+02 4.320556986102813539e+02
6.931717276155407603e+01 3.057416855003342562e+02 4.403663507148199869e+02
7.044462277299037112e+01 3.094382859108992534e+02 4.341652446725568666e+02
7.159041085964888396e+01 3.115779225355618678e+02 4.376467286552177143e+02
7.275483529196229426e+01 3.093475583863822180e+02 4.417581266777687574e+02
7.393819919175865607e+01 3.089849939076234477e+02 4.386486525473803795e+02
7.514081061116969806e+01 3.098634161553428044e+02 4.381879590625210312e+02
7.636298261282242095e+01 3.140267088611724944e+02 4.404895546407975644e+02
7.760503335133570602e+01 3.100158775134098050e+02 4.354417939974641172e+02
7.886728615614151749e+01 3.147523578315895634e+02 4.400955376071609066e+02
8.015006961565404708e+01 3.082314757534024920e+02 4.369064979341670210e+02
8.145371766280744907e+01 3.198667489334460470e+02 4.423991566082452778e+02
8.277856966198471866e+01 3.201978125690782235e+02 4.364332008938166041e+02
8.412497049736118981e+01 3.111185371682772143e+02 4.364781067701855477e+02
8.549327066268379838e+01 3.157204587971137357e+02 4.418131857963175548e+02
8.688382635251184638e+01 3.149167732222080645e+02 4.495667742031027956e+02
8.829699955494092478e+01 3.122282028683123940e+02 4.354620887376297560e+02
8.973315814583520478e+01 3.141121516910561695e+02 4.430327780109699916e+02
9.119267598459298085e+01 3.154091238500016061e+02 4.458494907384522321e+02
9.267593301146878559e+01 3.168597159548072568e+02 4.417271377491167073e+02
9.418331534647951742e+01 3.120628248184071367e+02 4.418097629500485368e+02
9.571521538991865441e+01 3.117031311264190094e+02 4.411346140136396912e+02
9.727203192450537017e+01 3.229212561769712124e+02 4.306734343772140505e+02
9.885417021919573699e+01 3.241594339672017782e+02 4.439638541570539587e+02
1.004620421346813117e+02 3.182457518612783929e+02 4.384087586993182413e+02
1.020960662306046487e+02 3.163420821097218436e+02 4.469466709389467951e+02
1.037566678745185982e+02 3.199266982609922252e+02 4.455114967282045768e+02
1.054442793526168458e+02 3.189312924952409389e+02 4.403450055259239662e+02
1.071593399822671131e+02 3.180367838024193361e+02 4.524690072547637669e+02
1.089022962263730534e+02 3.142256999240585742e+02 4.443416949187308660e+02
1.106736018095973435e+02 3.212679123810504507e+02 4.491013916195537945e+02
1.124737178364751884e+02 3.120558596207669098e+02 4.451382495872866798e+02
1.143031129114478688e+02 3.224512174941089597e+02 4.462202147402081778e+02
1.161622632608501817e+02 3.222953528150947022e+02 4.536012585074682875e+02
1.180516528568805512e+02 3.198792199887788570e+02 4.428270033284456417e+02
1.199717735435884265e+02 3.197435820509160749e+02 4.490863043733775157e+02
1.219231251649110703e+02 3.185854235455230423e+02 4.436936292967795907e+02
1.239062156947915696e+02 3.220282341548719955e+02 4.425151964424325683e+02
1.259215613694150875e+02 3.235721802248754670e+02 4.488993812005726909e+02
1.279696868215941663e+02 3.229164763528095818e+02 4.476274298869317363e+02
1.300511252173409957e+02 3.245428082070446294e+02 4.521512254911664854e+02
1.321664183946605249e+02 3.253228748500959568e+02 4.501812241452519174e+02
1.343161170046015229e+02 3.231791044122674066e+02 4.494167182323705561e+02
1.365007806546013853e+02 3.240197016251092350e+02 4.482292329723050557e+02
1.387209780541620887e+02 3.286212000259476440e+02 4.532298359371209813e+02
1.409772871628967721e+02 3.261995175208186311e+02 4.493206522077624072e+02
1.432702953409830968e+02 3.222697366892262494e+02 4.573592471062777918e+02
1.456005995020648527e+02 3.222093573467719807e+02 4.531323887145504159e+02
1.479688062686396393e+02 3.204117651657304009e+02 4.483443136910571525e+02
1.503755321299738341e+02 3.204199877422296936e+02 4.521696656980161606e+02
1.528214036025870826e+02 3.227916167982801312e+02 4.520035441396149736e+02
1.553070573933460139e+02 3.203885407013047484e+02 4.534375693497988209e+02
1.578331405652116359e+02 3.249356912881710286e+02 4.452084760989675942e+02
1.604003107056819886e+02 3.274945492321691063e+02 4.457348494688542928e+02
1.630092360979741102e+02 3.268816894201797822e+02 4.526768019063641759e+02
1.656605958949915305e+02 3.310011066679801957e+02 4.531520099612073409e+02
1.683550802961202351e+02 3.246964020529620143e+02 4.534773873874091237e+02
1.710933907269013332e+02 3.235057786882899791e+02 4.540822816456832811e+02
1.738762400216250512e+02 3.218446923251626686e+02 4.522524529055554581e+02
1.767043526088946521e+02 3.236530550056599509e+02 4.564754429910764770e+02
1.795784647002096790e+02 3.268161096671733503e+02 4.580807901790873302e+02
1.824993244816152469e+02 3.259043089422549997e+02 4.620425181142809947e+02
1.854676923084697648e+02 3.240167004131882891e+02 4.559479394381224324e+02
1.884843409033795467e+02 3.262746875749742799e+02 4.550211038296060906e+02
1.915500555573527777e+02 3.309648180670546367e+02 4.582996768484783843e+02
1.946656343342263256e+02 3.231442595495645378e+02 4.578038056844364405e+02
1.978318882784164430e+02 3.286754558433972875e+02 4.605882501828376121e+02
2.010496416260496915e+02 3.241830871343843796e+02 4.616488667179754657e+02
2.043197320195270379e+02 3.265276219049468409e+02 4.631181856560947381e+02
2.076430107255774828e+02 3.293530190409124430e+02 4.541483568145288814e+02
2.110203428568596564e+02 3.241721863527128562e+02 4.583471632003190734e+02
2.144526075971667467e+02 3.310876483454771915e+02 4.595846251778726241e+02
2.179406984302953560e+02 3.264108231453071198e+02 4.557860220670568765e+02
2.214855233726359245e+02 3.273299889763571286e+02 4.645005355894622880e+02
2.250880052095461679e+02 3.292223796346280551e+02 4.608615199263956015e+02
2.287490817355703996e+02 3.318642373657772282e+02 4.649387033169060714e+02
2.324697059985647911e+02 3.360222964261951688e+02 4.571070217849875235e+02
2.362508465477945094e+02 3.321556919359981634e+02 4.632672048454938363e+02
2.400934876860651741e+02 3.284118303124314480e+02 4.651347955977408333e+02
2.439986297259550270e+02 3.294638780701157543e+02 4.575529457283473107e+02
2.479672892502159982e+02 3.285825057580551061e+02 4.577317210776402021e+02
2.520004993764092092e+02 3.278796440814850826e+02 4.642428913231534011e+02
2.560993100258456820e+02 3.311875209975975736e+02 4.694477748669842754e+02
2.602647881969004402e+02 3.314096020936813716e+02 4.638928482563251237e+02
2.644980182427719910e+02 3.351682110792528420e+02 4.643052782243515821e+02
2.688001021537607471e+02 3.350274797673453691e+02 4.701525245603807548e+02
2.731721598441376386e+02 3.300202849366784790e+02 4.618296254522764457e+02
2.776153294436797978e+02 3.339371762468629754e+02 4.703850470248346483e+02
2.821307675939470982e+02 3.372363673965077169e+02 4.792801780223463197e+02
2.867196497493769698e+02 3.353635641711197763e+02 4.588862451093814343e+02
2.913831704832788887e+02 3.304367106888462331e+02 4.614119667546639789e+02
2.961225437988034628e+02 3.325877981875145224e+02 4.703696561666662888e+02
3.009390034449721156e+02 3.369314513623671701e+02 4.678923482654752775e+02
3.058338032378431421e+02 3.355672275633495474e+02 4.678143833501126778e+02
3.108082173869063922e+02 3.284390478252322509e+02 4.713360457461037072e+02
3.158635408267819003e+02 3.330614272667437490e+02 4.657274327128523055e+02
3.210010895543171614e+02 3.318839730705953457e+02 4.670742500154839263e+02
3.262222009711670125e+02 3.377437525884551519e+02 4.683463470866804528e+02
3.315282342319423492e+02 3.373212702343930118e+02 4.735994290334880930e+02
3.369205705980266998e+02 3.372466327704074729e+02 4.716233207146540281e+02
3.424006137971425687e+02 3.372845808855937548e+02 4.715143531346465693e+02
3.479697903887691268e+02 3.352405560929008175e+02 4.684327454634786250e+02
3.536295501355043029e+02 3.371944128327797898e+02 4.717756469304425764e+02
3.593813663804625662e+02 3.362006777810371432e+02 4.744608048916132361e+02
3.652267364308175388e+02 3.396460720941426530e+02 4.696317578529725552e+02
3.711671819475766938e+02 3.397161570820372276e+02 4.682748398694904495e+02
3.772042493416997218e+02 3.409647455648016603e+02 4.734764328483956888e+02
3.833395101766601556e+02 3.377910436234561757e+02 4.737895361799745615e+02
3.895745615775501278e+02 3.396221640118299092e+02 4.749733088198011046e+02
3.959110266468458690e+02 3.362748545568891814e+02 4.670499731409768742e+02
4.023505548869293307e+02 3.365453247982745779e+02 4.815221587072930447e+02
4.088948226294864412e+02 3.367323923679106201e+02 4.721037278600841205e+02
4.155455334718875520e+02 3.403071691206243372e+02 4.758890620620584286e+02
4.223044187206672291e+02 3.398220955560737480e+02 4.691598330092908782e+02
4.291732378422157694e+02 3.318488242763917242e+02 4.728710383686105274e+02
4.361537789208005620e+02 3.430306649500632830e+02 4.737123087222940967e+02
4.432478591240400760e+02 3.368824190783304289e+02 4.804458888683820419e+02
4.504573251759458685e+02 3.429415520009195006e+02 4.732076904886923217e+02
4.577840538376616450e+02 3.420932044269389394e+02 4.789193024716667537e+02
4.652299523960189163e+02 3.408861342636316749e+02 4.774014084865565906e+02
4.727969591600390800e+02 3.433632556465099128e+02 4.810273392802692456e+02
4.804870439655134078e+02 3.411248173293126911e+02 4.781189596555780099e+02
4.883022086877879815e+02 3.389231661670168592e+02 4.743586034420759461e+02
4.962444877628913673e+02 3.470564889800706396e+02 4.747503782544089290e+02
5.043159487171358819e+02 3.444449048201826713e+02 4.784248830550529306e+02
5.125186927053332511e+02 3.401862014762572244e+02 4.797998557880330850e+02
5.208548550577665992e+02 3.433712329771840928e+02 4.872460718981384957e+02
5.293266058360561601e+02 3.425560740027881366e+02 4.831088311620578111e+02
5.379361503980697989e+02 3.470585137127470148e+02 4.783124150717389398e+02
5.466857299720180663e+02 3.400833386267970582e+02 4.891821779185901278e+02
5.555776222398877735e+02 3.467513945438173550e+02 4.832367643239501263e+02
5.646141419303672819e+02 3.436333091079490032e+02 4.766955856662002020e+02
5.737976414214133456e+02 3.498800641303369048e+02 4.827751214980484065e+02
5.831305113526218520e+02 3.479878610154320313e+02 4.842914561290754705e+02
5.926151812475552560e+02 3.442841950450118134e+02 4.833327752913356221e+02
6.022541201461928040e+02 3.427676746739131772e+02 4.812995409896946057e+02
6.120498372476703253e+02 3.459358587918464991e+02 4.856068505143903167e+02
6.220048825634711420e+02 3.526266552177110043e+02 4.795066857793494250e+02
6.321218475812448787e+02 3.508518806779741226e+02 4.867309718824944298e+02
6.424033659394191318e+02 3.466223297096586293e+02 4.953046440388613405e+02
6.528521141127847613e+02 3.455928255000420677e+02 4.843700064945678037e+02
6.634708121092351121e+02 3.466975147738445457e+02 4.843850918704892479e+02
6.742622241778342413e+02 3.504213960787298561e+02 4.809269146399595343e+02
6.852291595284057166e+02 3.441363956012283438e+02 4.849000958811562327e+02
6.963744730628221760e+02 3.501030494253479333e+02 4.908024263042353255e+02
7.077010661181889191e+02 3.479196988131670878e+02 4.906429235508987858e+02
7.192118872221193442e+02 3.432625409250388770e+02 4.949452964076712647e+02
7.309099328602910646e+02 3.537059252522415704e+02 4.903327338019154240e+02
7.427982482564910924e+02 3.439204345095874373e+02 4.844724742312025683e+02
7.548799281653431308e+02 3.503646472702984624e+02 4.940337482564799529e+02
7.671581176779302496e+02 3.532643528502897539e+02 4.926158423739434511e+02
7.796360130405237214e+02 3.469464475025766319e+02 4.876065267966287706e+02
7.923168624866253822e+02 3.493906672988976538e+02 4.865280609843823640e+02
8.052039670825470239e+02 3.479425500822035815e+02 4.978501881636863686e+02
8.183006815867389605e+02 3.549113778325362318e+02 4.887976250752660690e+02
8.316104153230961629e+02 3.529718465761250172e+02 4.891756805058091118e+02
8.451366330684721788e+02 3.516432742613916957e+02 4.873597564434493279e+02
8.588828559546249153e+02 3.521600886692138488e+02 4.967362687025244554e+02
8.728526623848371173e+02 3.564350220375525282e+02 4.950140755150416680e+02
8.870496889654402821e+02 3.573265311106742956e+02 4.915398171548922619e+02
9.014776314524917780e+02 3.481060050880664676e+02 4.881256366267703584e+02
9.161402457138520958e+02 3.548213935276614279e+02 4.975382265079485364e+02
9.310413487069075700e+02 3.595630977838939657e+02 4.951461443551076513e+02
9.461848194721992513e+02 3.603185455944881710e+02 4.946267423923529236e+02
9.615746001432095227e+02 3.515202139866239008e+02 4.963278450244144437e+02
9.772146969725724830e+02 3.498470027552053807e+02 4.955145658875127310e+02
9.931091813749800394e+02 3.601551170965301480e+02 4.951051851648138609e+02
1.009262190987047347e+03 3.548105165318867762e+02 5.027121972626088109e+02
1.025677930744421928e+03 3.533354142902816193e+02 4.908750538172876645e+02
1.042360673976401131e+03 3.524044073466920395e+02 4.988896317864421235e+02
1.059314763518370000e+03 3.557569716350351428e+02 4.964125595625775986e+02
1.076544612842315928e+03 3.598898527026520355e+02 5.001116506528985042e+02
1.094054707205742488e+03 3.546451523633472789e+02 5.066215251657902741e+02
1.111849604819271008e+03 3.587244325826332556e+02 4.949538418885970827e+02
1.129933938033221693e+03 3.623369282625868095e+02 5.030871988203865044e+02
1.148312414543511068e+03 3.540797871914795110e+02 5.192715575470666636e+02
1.166989818617147421e+03 3.610957850029590759e+02 5.030318877532785677e+02
1.185971012337669436e+03 3.568759419314765182e+02 5.041984207182378555e+02
1.205260936870842670e+03 3.626492899431532351e+02 5.046034129999789002e+02
1.224864613750930630e+03 3.573701925560479822e+02 4.936834389269533290e+02
1.244787146187906046e+03 3.605497975141916527e+02 5.058699877239401985e+02
1.265033720395903856e+03 3.602316361200660708e+02 5.051260249952628669e+02
1.285609606943295148e+03 3.617034930731127815e+02 5.030115533531528058e+02
1.306520162124721310e+03 3.572271390006600313e+02 5.032887524230084182e+02
1.327770829355428987e+03 3.616657672839574502e+02 4.992327875560049506e+02
1.349367140588306484e+03 3.559178361936827741e+02 5.044811168616897135e+02
1.371314717753945615e+03 3.627708254085035833e+02 5.069443841228524548e+02
1.393619274224142146e+03 3.608597357157872239e+02 4.991642982938002433e+02
1.416286616299198840e+03 3.596586810542064541e+02 5.071921122744304284e+02
1.439322644719406526e+03 3.598484513555909530e+02 5.072340036651507376e+02
1.462733356201129936e+03 3.613941824070474240e+02 5.090397579118683780e+02
1.486524844997857144e+03 3.652606655613174667e+02 4.986411063742768306e+02
1.510703304486654133e+03 3.614095943409328697e+02 5.118111141036164327e+02
1.535275028780422645e+03 3.647459031716823006e+02 5.051148640014491207e+02
1.560246414366369663e+03 3.608550417717343635e+02 5.070594712485679452e+02
1.585623961771137147e+03 3.651051931831183879e+02 5.040257900948628844e+02
1.611414277253019918e+03 3.629349725912135227e+02 5.093074615317491407e+02
1.637624074521687362e+03 3.632099655333034320e+02 5.140856910657746539e+02
1.664260176485903685e+03 3.644165820480179150e+02 5.122191645950227894e+02
1.691329517029648741e+03 3.705545661608567798e+02 5.103662604073737157e+02
1.718839142817145557e+03 3.640885762843229259e+02 5.013262809474226174e+02
1.746796215127245659e+03 3.663993377297321103e+02 5.016640766181610047e+02
1.775208011717634236e+03 3.648011173950958437e+02 5.076871619750320406e+02
1.804081928719382859e+03 3.617428914741739163e+02 5.056868784846207632e+02
1.833425482562290654e+03 3.610381628344497358e+02 5.094538067441609996e+02
1.863246311931559831e+03 3.687486213168381823e+02 5.112996201660841962e+02
1.893552179756295118e+03 3.704840023269271114e+02 5.104903636311130413e+02
1.924350975230330278e+03 3.696975336489549022e+02 5.157035421365089860e+02
1.955650715865948996e+03 3.626983145460094988e+02 5.155280114728241188e+02
1.987459549580983776e+03 3.686743194986156595e+02 5.236258312490335811e+02
2.019785756819878316e+03 3.602851881888150842e+02 5.234126300510944247e+02
2.052637752709252254e+03 3.711975406876225634e+02 5.173004061799442752e+02
2.086024089248502605e+03 3.716966366908114878e+02 5.097330997933299841e+02
2.119953457536071255e+03 3.703762347218569175e+02 5.152703361533353927e+02
2.154434690031884656e+03 3.694528555901734421e+02 5.167248349871973687e+02
2.189476762856620553e+03 3.743103806820199679e+02 5.164827007888620756e+02
2.225088798128369490e+03 3.682149402596810432e+02 5.183132541479089923e+02
2.261280066337277276e+03 3.712661004669461704e+02 5.202405934970365706e+02
2.298059988758850977e+03 3.703137918517207368e+02 5.178882379410255226e+02
2.335438139906479137e+03 3.657180106917865601e+02 5.184024692874652374e+02
2.373424250023866080e+03 3.682664367862725499e+02 5.256845447594416783e+02
2.412028207618006945e+03 3.757123721524992561e+02 5.259150465517514021e+02
2.451260062033337363e+03 3.768304116608917411e+02 5.149526726270278232e+02
2.491130026067788549e+03 3.692447926487992618e+02 5.185023990102191647e+02
2.531648478631355374e+03 3.703547195047838727e+02 5.284682434433179878e+02
2.572825967447932271e+03 3.728953057314816988e+02 5.225384401091778273e+02
2.614673211801092293e+03 3.754829194389005806e+02 5.270979908525597466e+02
2.657201105324504169e+03 3.758609110458550617e+02 5.296109610122722415e+02
2.700420718837772711e+03 3.691119452953570317e+02 5.280586207719311460e+02
2.744343303228365585e+03 3.746985736155709787e+02 5.256433908842727760e+02
2.788980292380439550e+03 3.718110203561113849e+02 5.358673270226415752e+02
2.834343306151309207e+03 3.709057763395451275e+02 5.312197123822461435e+02
2.880444153396297679e+03 3.714603728183277553e+02 5.210905374376842474e+02
2.927294835042815976e+03 3.740286604389016247e+02 5.308734763748076375e+02
2.974907547214440456e+03 3.759425787535533345e+02 5.299324792680446308e+02
3.023294684405776479e+03 3.823178712426137054e+02 5.358159294229293437e+02
3.072468842709003638e+03 3.743934019772702300e+02 5.277074586454141354e+02
3.122442823092857907e+03 3.819260977465914380e+02 5.176000979248148042e+02
3.173229634734976116e+03 3.811343580193059779e+02 5.290286442912702114e+02
3.224842498408442225e+03 3.821128984641607076e+02 5.318969469988981018e+02
3.277294849923382117e+03 3.756105554717561859e+02 5.325781893534500568e+02
3.330600343624588731e+03 3.768460367969481126e+02 5.298045514446693005e+02
3.384772855945982883e+03 3.858061683435742566e+02 5.251802837096511212e+02
3.439826489022924761e+03 3.740688478886779649e+02 5.337299941448229674e+02
3.495775574363275155e+03 3.751033275903349704e+02 5.344104031521173965e+02
3.552634676578139533e+03 3.787292179778527839e+02 5.367388357225588607e+02
3.610418597173337275e+03 3.744428947148937823e+02 5.337822463261861685e+02
3.669142378402494160e+03 3.822785186781159155e+02 5.340701065674541042e+02
3.728821307182833607e+03 3.815533942246276524e+02 5.344453123966910653e+02
3.789470919074667563e+03 3.826167065941869510e+02 5.330430489705928494e+02
3.851107002325568828e+03 3.823876161393127973e+02 5.306524487434037383e+02
3.913745601980383981e+03 3.853175459657468878e+02 5.290835316131866648e+02
3.977403024058036863e+03 3.816512226575733280e+02 5.306098896470464297e+02
4.042095839796305881e+03 3.761187366982489948e+02 5.259659934370887413e+02
4.107840889965646966e+03 3.828970086625678277e+02 5.403647609621822312e+02
4.174655289253134470e+03 3.828210765842187584e+02 5.357616627351965235e+02
4.242556430717777403e+03 3.791504426720969718e+02 5.375123147487055348e+02
4.311561990318228709e+03 3.792912345697868091e+02 5.327620211047961902e+02
4.381689931514189993e+03 3.824443872338824804e+02 5.330491368722392735e+02
4.452958509942655837e+03 3.824904554354556581e+02 5.235579919381069658e+02
4.525386278170166406e+03 3.789172588891896680e+02 5.335391606539210443e+02
4.598992090522438048e+03 3.804061194274593163e+02 5.429930412342362160e+02
4.673795107992463272e+03 3.791544364258081714e+02 5.387609095406706956e+02
4.749814803228499841e+03 3.851139295999703336e+02 5.428759315430239667e+02
4.827070965603183140e+03 3.829044934720556626e+02 5.400327340291773908e+02
4.905583706365045146e+03 3.855566894872697503e+02 5.462737227221441572e+02
4.985373463873893343e+03 3.833740983408957277e+02 5.331676962740839372e+02
5.066461008921268331e+03 3.898004541587525864e+02 5.410288303791853650e+02
5.148867450137492597e+03 3.840287901503532453e+02 5.475511174438893249e+02
5.232614239486661972e+03 3.875832253201206186e+02 5.389416318947500031e+02
5.317723177850972206e+03 3.894976451176890464e+02 5.434308373126716560e+02
5.404216420705914970e+03 3.814245219864421301e+02 5.448201998322595045e+02
5.492116483887789400e+03 3.948399172127047905e+02 5.408439334422183720e+02
5.581446249454960707e+03 3.870424713064150524e+02 5.385548656279016768e+02
5.672228971644543890e+03 3.893590431912322174e+02 5.501953876012968294e+02
5.764488282925879503e+03 3.886163402813116932e+02 5.428147247142618426e+02
5.858248200152535901e+03 3.907465290322456895e+02 5.385701710907617326e+02
5.953533130814370452e+03 3.929226499986863246e+02 5.415171493983297069e+02
6.050367879391218594e+03 3.864683843620093171e+02 5.421407997728541659e+02
6.148777653810023367e+03 3.882247378856311002e+02 5.423823316543712281e+02
6.248788072006894254e+03 3.915348597387102245e+02 5.415407803633461299e+02
6.350425168595961622e+03 3.868904754394554288e+02 5.378505445884932215e+02
6.453715401646702048e+03 3.866614714062180838e+02 5.485529203491687440e+02
6.558685659571428914e+03 3.947180847440317280e+02 5.472186373052784347e+02
6.665363268124913702e+03 3.920465515820646942e+02 5.388495628769792347e+02
6.773775997517751421e+03 3.899106537323165753e+02 5.445358718075381148e+02
6.883952069645496522e+03 3.968127053481801454e+02 5.432440990755720804e+02
6.995920165435374656e+03 3.939988353027630410e+02 5.533894871045702075e+02
7.109709432312431090e+03 3.918124974915853613e+02 5.447776658709865387e+02
7.225349491787213992e+03 3.854583551140727309e+02 5.483673489536301986e+02
7.342870447166765189e+03 4.025861925828715471e+02 5.530210355630913455e+02
7.462302891391107551e+03 3.961022228091771922e+02 5.460443288519791167e+02
7.583677914997190783e+03 3.964006874933478457e+02 5.491792858350994493e+02
7.707027114212295601e+03 3.949461868936434144e+02 5.543475801879228584e+02
7.832382599179196404e+03 3.891674140596900884e+02 5.453670568536458632e+02
7.959777002314986021e+03 3.955345066998707466e+02 5.541543670829432813e+02
8.089243486805938119e+03 3.970326221027381166e+02 5.496870156308048081e+02
8.220815755240540966e+03 3.930199770125103100e+02 5.478135315470549358e+02
8.354528058382862582e+03 4.019283330916099430e+02 5.553751906781646994e+02
8.490415204088747487e+03 3.994688027245189801e+02 5.528615762791910129e+02
8.628512566366895044e+03 3.954595629081883317e+02 5.538307360345814914e+02
8.768856094587426924e+03 3.974496370797040186e+02 5.539750071527789714e+02
8.911482322840201959e+03 3.927617238266934123e+02 5.505359346130001086e+02
9.056428379445294922e+03 3.927123420318638409e+02 5.602382259635520541e+02
9.203731996618220364e+03 3.985498959111279191e+02 5.468583068681529085e+02
9.353431520292386267e+03 4.022849741201895313e+02 5.547840506256212620e+02
9.505565920101191296e+03 3.968646905123566171e+02 5.565471638493196451e+02
9.660174799522645117e+03 3.965807400892624628e+02 5.498537371588273572e+02
9.817298406188840090e+03 4.059016935155069632e+02 5.557092247867418564e+02
9.976977642363201085e+03 3.918269939049908430e+02 5.576977340423776468e+02
1.013925407558814368e+04 3.928284117615103810e+02 5.566548782528392394e+02
1.030416994950587468e+04 3.951795430506761022e+02 5.634410743440996612e+02
1.047176819485520355e+04 3.937353747819975069e+02 5.566500973331940259e+02
1.064209244064724589e+04 3.964010678428459755e+02 5.611580066216273508e+02
1.081518702552289142e+04 4.022495543361639534e+02 5.556234446520851407e+02
1.099109700929496103e+04 3.979263286383993545e+02 5.512582973215510265e+02
1.116986818467822559e+04 3.994481695668451948e+02 5.481404911455317688e+02
1.135154708920999110e+04 4.003509675338267471e+02 5.572410719767109413e+02
1.153618101736478457e+04 3.954879722774889501e+02 5.615819246540722816e+02
1.172381803286599825e+04 3.955407283719113707e+02 5.605235312595443702e+02
1.191450698119774825e+04 4.074265398107574470e+02 5.528935005589149796e+02
1.210829750232039441e+04 4.062661170810662838e+02 5.597578903796618306e+02
1.230524004359261562e+04 4.055603646067655177e+02 5.557685164431112526e+02
1.250538587290391297e+04 3.933095584473638269e+02 5.607619165201347187e+02
1.270878709202059508e+04 4.031960048943361699e+02 5.735825354744823699e+02
1.291549665014882703e+04 4.035351491610029484e+02 5.560753125729041813e+02
1.312556835771842816e+04 4.061993483680581107e+02 5.558173884299449128e+02
1.333905690039058754e+04 4.065605474138537261e+02 5.574038008744096260e+02
1.355601785329368977e+04 4.029392736439489227e+02 5.678409744612148415e+02
1.377650769549054894e+04 4.025423916738250796e+02 5.662495418571658092e+02
1.400058382468096170e+04 4.117675423365347456e+02 5.552469015912529358e+02
1.422830457214351918e+04 4.044293815386260462e+02 5.565846182380175833e+02
1.445972921792019588e+04 4.047222481001811616e+02 5.647032622324310296e+02
1.469491800624817188e+04 4.051895054213093204e+02 5.704648114431695376e+02
1.493393216124253377e+04 4.031129143660638761e+02 5.609965111826095381e+02
1.517683390283403787e+04 4.106017865548612917e+02 5.657369048792063495e+02
1.542368646296627412e+04 4.020798287490787857e+02 5.720800423842576947e+02
1.567455410205595035e+04 4.063503046981886655e+02 5.606334700179193078e+02
1.592950212572123019e+04 4.063862897863820649e+02 5.746288819421120024e+02
1.618859690178199162e+04 4.018970803428570093e+02 5.719035889599066422e+02
1.645190587753660657e+04 4.052298441474463857e+02 5.659601977930720977e+02
1.671949759731991799e+04 3.955237505403901537e+02 5.633829256395823677e+02
1.699144172034625808e+04 4.098127245154462912e+02 5.750095491413641184e+02
1.726780903884355939e+04 4.111087323443759374e+02 5.609264765116930676e+02
1.754867149648152190e+04 4.074020006280022130e+02 5.683454293649397187e+02
1.783410220710006251e+04 4.085384567480876967e+02 5.828615993515478522e+02
1.812417547374239439e+04 4.093666001107253010e+02 5.728309353797884569e+02
1.841896680799710884e+04 4.129492187801387217e+02 5.688889671987734573e+02
1.871855294965579378e+04 4.129061154948917647e+02 5.766898965557555812e+02
1.902301188668945906e+04 4.068600712461487774e+02 5.803462483670009533e+02
1.933242287555043367e+04 4.039192020351191559e+02 5.707860754486221140e+02
1.964686646180448588e+04 4.088982872718473232e+02 5.661152532002478210e+02
1.996642450109793208e+04 4.098866085270986446e+02 5.727962966059991459e+02
2.029118018046678117e+04 4.135181373383558707e+02 5.781655320884433422e+02
2.062121803999144686e+04 3.978878855482330437e+02 5.739064316588851398e+02
2.095662399480430759e+04 4.081005965383165517e+02 5.682099452469186645e+02
2.129748535745523259e+04 4.091792128636882921e+02 5.767926497169657978e+02
2.164389086064020375e+04 4.101775416099007430e+02 5.709177433834445310e+02
2.199593068030074937e+04 4.049106635751268755e+02 5.790425966519665053e+02
2.235369645909796600e+04 4.079007628309229290e+02 5.627901379713638335e+02
2.271728133026902651e+04 4.091026582333067836e+02 5.732084404269480729e+02
2.308677994187172226e+04 4.138180358991342587e+02 5.735922129362741089e+02
2.346228848142262359e+04 4.156682567214287474e+02 5.686813682231353368e+02
2.384390470093720432e+04 4.172546707265537975e+02 5.737971384864880520e+02
2.423172794237600829e+04 4.183861751093052703e+02 5.742359347283029365e+02
2.462585916350543994e+04 4.166637994766756492e+02 5.763750036182785834e+02
2.502640096417921814e+04 4.104456832782104811e+02 5.852948160620672979e+02
2.543345761304648113e+04 4.131458843052927250e+02 5.758617266661516396e+02
2.584713507469563774e+04 4.124175496477176353e+02 5.704910192787982623e+02
2.626754103723838489e+04 4.111964496841097798e+02 5.693339143719839512e+02
2.669478494034317919e+04 4.046765153090918261e+02 5.841715899433546610e+02
2.712897800372470010e+04 4.181766347854409673e+02 5.719616309460321872e+02
2.757023325609582753e+04 4.120348372963099450e+02 5.748516473348324780e+02
2.801866556459195272e+04 4.149001610209640489e+02 5.886737775634703667e+02
2.847439166467247924e+04 4.111057429142057345e+02 5.803242681968512215e+02
2.893753019050947478e+04 4.114435367905348357e+02 5.902543882571746963e+02
2.940820170587066605e+04 4.162981809586706277e+02 5.857564999807880213e+02
2.988652873550382719e+04 4.155715767936676457e+02 5.848436119438404148e+02
3.037263579703311552e+04 4.132875124443361869e+02 5.845150213872097993e+02
3.086664943337274599e+04 4.177703857311137767e+02 5.838410997601333747e+02
3.136869824566873285e+04 4.131530629692715593e+02 5.816596782454715822e+02
3.187891292677649108e+04 4.193830689154838751e+02 5.791193964951016824e+02
3.239742629528195539e+04 4.110550699503541523e+02 5.830640275884350103e+02
3.292437333007768757e+04 4.167424351227281818e+02 5.820632039859128781e+02
3.345989120549974905e+04 4.174725439737646298e+02 5.860347686531152931e+02
3.400411932703702769e+04 4.181088296443595596e+02 5.817638713533691543e+02
3.455719936762142606e+04 4.185619238156078268e+02 5.805065881725797681e+02
3.511927530450727500e+04 4.190004016928442638e+02 5.781372156215779796e+02
3.569049345675229415e+04 4.164795204196648228e+02 5.751963130749909396e+02
3.627100252330648073e+04 4.213701018822969786e+02 5.901966947050078716e+02
3.686095362172154273e+04 4.178944926247887679e+02 5.883866804090729374e+02
3.746050032748997182e+04 4.177782484906658738e+02 5.916371508036731939e+02
3.806979871402284334e+04 4.187701591438326432e+02 5.857073314064853093e+02
3.868900739327975316e+04 4.213436305479505677e+02 6.012803171448880448e+02
3.931828755705770163e+04 4.187328853637823727e+02 5.862526965076375518e+02
3.995780301895265438e+04 4.154993918419839360e+02 5.888928834130637142e+02
4.060772025700369704e+04 4.220308202624196383e+02 5.929721340955640017e+02
4.126820845702951920e+04 4.211532461514210581e+02 5.952779688305407717e+02
4.193943955667185946e+04 4.222797841834303654e+02 5.880346384888156308e+02
4.262158829015324591e+04 4.150645379221857070e+02 5.969579771083144806e+02
4.331483223376394017e+04 4.293446964132489256e+02 5.958585885529761299e+02
4.401935185208878829e+04 4.221087449365863904e+02 5.943202180875528029e+02
4.473533054498463025e+04 4.204635132366130392e+02 5.897016922881675782e+02
4.546295469532399147e+04 4.240741301254375912e+02 5.892096260885557513e+02
4.620241371751313272e+04 4.193288451391625244e+02 5.989214582647202860e+02
4.695390010680053092e+04 4.214385967568600790e+02 5.905379059976188501e+02
4.771760948938750516e+04 4.207979266986187099e+02 5.978296010494702841e+02
4.849374067335233121e+04 4.264517019081814624e+02 5.979226084037092050e+02
4.928249570040513208e+04 4.175605333806742578e+02 5.899718908435924050e+02
5.008407989848212310e+04 4.219303328831142608e+02 5.977518126900245079e+02
5.089870193519674649e+04 4.281673382290852601e+02 5.884367810159609462e+02
5.172657387216024654e+04 4.253586435221613442e+02 5.891038250989787457e+02
5.256791122018419264e+04 4.323625381451422527e+02 5.989781323742489576e+02
5.342293299538352585e+04 4.292660222110607720e+02 5.894085803756437372e+02
5.429186177618942747e+04 4.247483035346522229e+02 5.901258886383286608e+02
5.517492376129117474e+04 4.316118735056836044e+02 5.933554971625804910e+02
5.607234882852038572e+04 4.236206209244052161e+02 5.834293654298650154e+02
5.698437059469136148e+04 4.285901390079250177e+02 5.958029957120754716e+02
5.791122647641758522e+04 4.264493028106180645e+02 5.993765782478180881e+02
5.885315775191450666e+04 4.204364044964905816e+02 5.918568998211394501e+02
5.981040962380931887e+04 4.232061081511205316e+02 5.984822605911685969e+02
6.078323128297235962e+04 4.236387420637551600e+02 5.891519382373943472e+02
6.177187597338488558e+04 4.221544374070451795e+02 5.992082982563219957e+02
6.277660105806499632e+04 4.272792728946493526e+02 6.048128167304674889e+02
6.379766808606282575e+04 4.269746855024949923e+02 5.925166209091381688e+02
6.483534286054714175e+04 4.222334338342400315e+02 5.958382971362565286e+02
6.588989550799956487e+04 4.317479745150616282e+02 6.102087367041926882e+02
6.696160054853215115e+04 4.230444106926193513e+02 5.904052070542572892e+02
6.805073696735205885e+04 4.303967325000412529e+02 5.883979429067109095e+02
6.915758828738525335e+04 4.332974344670755045e+02 6.071504477072352302e+02
7.028244264308338461e+04 4.320293848272484638e+02 5.876585626742538579e+02
7.142559285543134320e+04 4.258279058670879067e+02 5.991333861880981431e+02
7.258733650817246235e+04 4.314070789714835996e+02 6.171233436865628619e+02
7.376797602527731215e+04 4.301353249144431743e+02 5.966397117964435211e+02
7.496781874966877513e+04 4.341984829848210552e+02 6.100085392659838135e+02
7.618717702322982950e+04 4.292762248038899884e+02 5.998129170390042191e+02
7.742636826811278297e+04 4.365261732125749745e+02 5.970858686358951672e+02
7.868571506936843798e+04 4.319687194970335327e+02 6.005264667550845843e+02
7.996554525892346282e+04 4.324369856938041607e+02 6.052616526470952749e+02
8.126619200091945822e+04 4.286992313686774310e+02 6.003888915687055032e+02
8.258799387844254670e+04 4.273428609157332971e+02 6.007850605739704406e+02
8.393129498166372650e+04 4.323180419701709525e+02 6.090384590683800070e+02
8.529644499741015898e+04 4.305891494814074463e+02 5.972145679777148644e+02
8.668379930019774474e+04 4.307762682464858699e+02 6.127786916463497846e+02
8.809371904473990435e+04 4.312841409485671420e+02 6.150064870128330767e+02
8.952657125996382092e+04 4.311057296149630247e+02 6.096090817728712636e+02
9.098272894455568166e+04 4.280340438225326807e+02 6.092302814179499819e+02
9.246257116405734268e+04 4.316597408759022301e+02 5.980991002905119558e+02
9.396648314954691159e+04 4.351212453657605010e+02 6.039163028366707522e+02
9.549485639791966241e+04 4.401136219762905171e+02 6.081176483042534073e+02
9.704808877380307240e+04 4.362892771392045006e+02 6.099133898728287022e+02
9.862658461312830332e+04 4.370318504096676975e+02 6.014965744821478211e+02
1.002307548283864307e+05 4.360699601411217259e+02 6.062319528151382428e+02
1.018610170155975211e+05 4.392437836156263415e+02 6.071018795669133397e+02
1.035177955630176293e+05 4.351471767699140969e+02 6.070210015375985222e+02
1.052015217616159061e+05 4.367607675194589092e+02 5.998280529487385593e+02
1.069126339173477172e+05 4.315918625675796534e+02 6.116766458599295220e+02
1.086515774652537220e+05 4.393242240250110058e+02 6.091853084529915350e+02
1.104188050854160247e+05 4.411624376691358407e+02 6.064659069547890340e+02
1.122147768207980262e+05 4.407064145730467999e+02 6.085755067166421668e+02
1.140399601970033109e+05 4.345459136735027528e+02 6.130856108508885427e+02
1.158948303439811862e+05 4.408088906752036564e+02 6.021040219321372433e+02
1.177798701197118062e+05 4.384840143007998563e+02 6.132005883398029482e+02
1.196955702359042771e+05 4.269169823833628925e+02 6.107024397490433785e+02
1.216424293857368029e+05 4.438256048679160699e+02 6.089500381119088388e+02
1.236209543736769119e+05 4.382234804634942407e+02 6.147074479543242660e+02
1.256316602474121464e+05 4.391805790213033447e+02 6.110078573920075087e+02
1.276750704319264478e+05 4.359002566260761000e+02 6.152370560752211759e+02
1.297517168657586881e+05 4.317667005004789189e+02 6.072657198308903617e+02
1.318621401394748536e+05 4.356919613081016109e+02 6.135179251633053354e+02
1.340068896363950626e+05 4.371495872649200578e+02 6.121865020859742117e+02
1.361865236756082741e+05 4.364742616521543823e+02 6.065188026192078041e+02
1.384016096573130053e+05 4.415059286723594028e+02 6.152892690200593506e+02
1.406527242105236510e+05 4.404985925879431647e+02 6.131537516964939414e+02
1.429404533431761083e+05 4.374325996862395414e+02 6.074677013077779293e+02
1.452653925946781237e+05 4.387469886105687920e+02 6.116637487279070911e+02
1.476281471909391112e+05 4.333879171442224560e+02 6.208696327184783286e+02
1.500293322019216721e+05 4.399853999666874529e+02 6.096788600941523555e+02
1.524695727017573081e+05 4.319348128696772733e+02 6.085895367456336089e+02
1.549495039314631722e+05 4.358371877501646736e+02 6.131011362796507456e+02
1.574697714643086656e+05 4.413756632186106685e+02 6.131997980984529022e+02
1.600310313738701807e+05 4.472565375303624364e+02 6.209107123073617913e+02
1.626339504048190720e+05 4.361059364565992951e+02 6.179762033990926966e+02
1.652792061464893923e+05 4.449001667851110824e+02 6.099691384658258357e+02
1.679674872092653241e+05 4.422755426852631331e+02 6.282896102421196929e+02
1.706994934038407810e+05 4.421031704278260008e+02 6.191887879878267995e+02
1.734759359233932628e+05 4.466102799933368033e+02 6.229286545818313243e+02
1.762975375287203933e+05 4.393145171144357732e+02 6.251045740896685174e+02
1.791650327363899560e+05 4.443907953547820853e+02 6.078083967566640240e+02
1.820791680099462392e+05 4.397268181653822694e+02 6.125692052991222454e+02
1.850407019542302005e+05 4.459679809470086980e+02 6.183410768377532349e+02
1.880504055128583568e+05 4.451338308237156411e+02 6.215627173517453912e+02
1.911090621689136024e+05 4.375250737331726896e+02 6.218929809720868889e+02
1.942174681489024370e+05 4.439298444613233414e+02 6.236301151616044081e+02
1.973764326300255489e+05 4.383600541370586257e+02 6.191216331898904173e+02
2.005867779508233943e+05 4.352919739985741217e+02 6.224551204250112733e+02
2.038493398252464249e+05 4.501613041401021746e+02 6.275209429384701707e+02
2.071649675602066854e+05 4.499032953576067371e+02 6.253426052035368912e+02
2.105345242766703886e+05 4.490742852077171392e+02 6.286566009028022108e+02
2.139588871343421633e+05 4.498441461827496823e+02 6.168405835898641953e+02
2.174389475600080041e+05 4.428974792852715154e+02 6.257730330407681549e+02
2.209756114795903268e+05 4.469900434392521333e+02 6.309869347211615604e+02
2.245697995539771800e+05 4.508327464614125688e+02 6.216733237111501467e+02
2.282224474186896114e+05 4.400114220199905617e+02 6.210073056981251511e+02
2.319345059274427476e+05 4.514927239200778786e+02 6.284117165560475087e+02
2.357069413996727671e+05 4.405379602973852684e+02 6.183377239913517087e+02
2.395407358720879420e+05 4.550084829553113650e+02 6.275012344908875548e+02
2.434368873543113004e+05 4.478113712960186490e+02 6.264638795833152471e+02
2.473964100886811502e+05 4.417154380963731910e+02 6.222011370162513231e+02
2.514203348142796603e+05 4.549484732755507252e+02 6.259999138763504334e+02
2.555097090352507075e+05 4.458347140413121110e+02 6.278180679259506860e+02
2.596655972934872552e+05 4.502663890882131454e+02 6.200360931318402891e+02
2.638890814457513043e+05 4.474396540198976595e+02 6.251745628911970698e+02
2.681812609453012701e+05 4.562883884397136853e+02 6.206664939616593983e+02
2.725432531281028059e+05 4.579457571761993790e+02 6.251119550050582347e+02
2.769761935036890791e+05 4.568860304187886072e+02 6.390166065292496569e+02
2.814812360507581034e+05 4.440174079820757242e+02 6.337663600000746555e+02
2.860595535175745026e+05 4.539538261665703089e+02 6.289885637290237810e+02
2.907123377272575162e+05 4.464228479825835052e+02 6.360326380824809576e+02
2.954407998880379600e+05 4.518089421784225124e+02 6.402078961654940485e+02
3.002461709085549228e+05 4.432504943282901309e+02 6.269264543040795843e+02
3.051297017182870768e+05 4.507674157737305904e+02 6.361508594247773090e+02
3.100926635931929923e+05 4.567180855667866126e+02 6.270825454451826317e+02
3.151363484866475919e+05 4.497765848445288839e+02 6.331143735976352218e+02
3.202620693657650263e+05 4.488157925599206237e+02 6.326470996513073715e+02
3.254711605531848036e+05 4.501379174489846946e+02 6.255599231593215563e+02
3.307649780744242598e+05 4.531761367630819564e+02 6.255932104838309442e+02
3.361449000108768814e+05 4.576318145223133911e+02 6.308071894276451985e+02
3.416123268585525220e+05 4.484598125119366046e+02 6.219510445428315961e+02
3.471686818926559645e+05 4.567144984999916915e+02 6.248591593250387177e+02
3.528154115380882868e+05 4.500183601765870094e+02 6.502307592834907837e+02
3.585539857459816849e+05 4.509904182160819346e+02 6.291566665928054363e+02
3.643858983763548313e+05 4.528363194805582452e+02 6.357158773106176568e+02
3.703126675869923201e+05 4.551121210187022825e+02 6.368694806627088383e+02
3.763358362286532647e+05 4.492174816753528717e+02 6.423944978065417217e+02
3.824569722466999083e+05 4.628471171270561513e+02 6.343094927957881737e+02
3.886776690892667975e+05 4.499073513244449600e+02 6.313233659158258888e+02
3.949995461220646976e+05 4.541935209472765109e+02 6.353510504678552024e+02
4.014242490499317646e+05 4.581230920057273011e+02 6.310939794074555493e+02
4.079534503452448989e+05 4.552698975385411586e+02 6.263279352093406942e+02
4.145888496832911042e+05 4.524712793527911003e+02 6.323576313752350870e+02
4.213321743847288890e+05 4.555559352458417948e+02 6.350091598344681643e+02
4.281851798652415746e+05 4.607018198042420636e+02 6.412122102463414421e+02
4.351496500925045111e+05 4.620997832888139101e+02 6.339460881608765703e+02
4.422273980505897198e+05 4.599752483198107029e+02 6.369570532193229155e+02
4.494202662119141896e+05 4.554139595653976471e+02 6.355059839113445150e+02
4.567301270168746705e+05 4.586396218426564246e+02 6.333251450073914839e+02
4.641588833612782182e+05 4.602843911034561870e+02 6.455537166668699456e+02
4.717084690917012631e+05 4.591706111629114275e+02 6.344155838268992511e+02
4.793808495089106727e+05 4.563145907014130671e+02 6.439445284987369860e+02
4.871780218794631073e+05 4.602631365134558905e+02 6.424469779322062095e+02
4.951020159556351136e+05 4.600562134222800523e+02 6.344707680430011578e+02
5.031548945038056700e+05 4.611351818299980891e+02 6.436413851915137911e+02
5.113387538414321025e+05 4.577648261114204047e+02 6.411789270069708664e+02
5.196557243827657658e+05 4.636978968735369904e+02 6.331274684034328857e+02
5.281079711934330408e+05 4.655952134297740486e+02 6.341764221337509753e+02
5.366976945540476590e+05 4.509062904269331966e+02 6.472150155791283623e+02
5.454271305329835741e+05 4.521893542238963164e+02 6.472858862633052013e+02
5.542985515684663551e+05 4.571944087491274331e+02 6.341994215340571373e+02
5.633142670601351419e+05 4.593752138326199770e+02 6.410558298114611944e+02
5.724766239702178864e+05 4.583664877400826754e+02 6.457036606630601909e+02
5.817880074344935128e+05 4.538201631378164507e+02 6.484081541762320740e+02
5.912508413831881480e+05 4.549485501813152837e+02 6.474026858265340252e+02
6.008675891719680512e+05 4.572920423047945633e+02 6.379195498905252180e+02
6.106407542232036358e+05 4.569814803674645418e+02 6.533965898289574170e+02
6.205728806776501006e+05 4.519609421006106231e+02 6.463413927581557346e+02
6.306665540567405988e+05 4.598624742749837537e+02 6.567326420854818707e+02
6.409244019356457284e+05 4.608932526535244847e+02 6.431163516373025004e+02
6.513490946272795554e+05 4.703250492703641612e+02 6.319288392446261469e+02
6.619433458774387836e+05 4.636549995028726698e+02 6.596685749478098160e+02
6.727099135712336283e+05 4.674295171470712376e+02 6.495800217868945765e+02
6.836516004510239000e+05 4.618052380460132440e+02 6.454319283229860957e+02
6.947712548460239777e+05 4.586079362156218622e+02 6.398250515362104807e+02
7.060717714137765579e+05 4.635951564900543076e+02 6.411304318346602713e+02
7.175560918936921516e+05 4.527078437308766183e+02 6.459376854897533349e+02
7.292272058728312841e+05 4.568806442275359245e+02 6.458486727614808842e+02
7.410881515641569858e+05 4.589111649044214118e+02 6.380147619566939738e+02
7.531420165974375559e+05 4.538145982044135849e+02 6.475376243080697805e+02
7.653919388230155455e+05 4.596151933357256780e+02 6.439665199062380907e+02
7.778411071286482038e+05 4.607260287855105503e+02 6.411703410775751308e+02
7.904927622696420876e+05 4.681054321624064869e+02 6.430350867143927189e+02
8.033501977124734549e+05 4.720600708210035918e+02 6.473164929636686793e+02
8.164167604921471793e+05 4.686390124218797837e+02 6.507844142918119132e+02
8.296958520834915107e+05 4.599100617671968507e+02 6.500660013204294501e+02
8.431909292866251199e+05 4.598257517148696820e+02 6.477835231808732033e+02
8.569055051268347306e+05 4.654699432170962723e+02 6.503132502121587777e+02
8.708431497690724209e+05 4.626142377206616061e+02 6.501457770251969350e+02
8.850074914473438403e+05 4.577622563357749073e+02 6.545690582019342401e+02
8.994022174092053901e+05 4.653250608391322203e+02 6.526757531993602015e+02
9.140310748756222893e+05 4.748763540109589485e+02 6.478946246212669848e+02
9.288978720164498081e+05 4.724274271244453303e+02 6.388347518485394403e+02
9.440064789417603752e+05 4.605139357024123115e+02 6.535218248254270748e+02
9.593608287093146937e+05 4.670244430613446411e+02 6.428380459296778326e+02
9.749649183484095847e+05 4.626953393554895797e+02 6.572450284429869498e+02
9.908228099003786920e+05 4.647341798753900548e+02 6.453166622120738793e+02
1.006938631476027076e+06 4.662019305931548843e+02 6.410752880920332473e+02
1.023316578330244869e+06 4.615420219514923588e+02 6.524576146237784542e+02
1.039960913954120362e+06 4.650870334985215209e+02 6.563260178711627759e+02
1.056875971184805036e+06 4.655673635802135664e+02 6.626947454828068658e+02
1.074066153333432274e+06 4.760012442329999089e+02 6.606803352060225052e+02
1.091535935331391171e+06 4.693725309901001310e+02 6.682116958263935658e+02
1.109289864895222709e+06 4.697270970948175659e+02 6.487759129448912745e+02
1.127332563710487215e+06 4.673154602221363234e+02 6.574732138330771249e+02
1.145668728634872707e+06 4.763106661884376649e+02 6.558286009861986940e+02
1.164303132920875680e+06 4.684834217689838169e+02 6.679590361259167821e+02
1.183240627458377974e+06 4.746493719832151328e+02 6.605695912487408350e+02
1.202486142037412152e+06 4.782140768797628994e+02 6.622511360464776544e+02
1.222044686631488614e+06 4.777844143160115209e+02 6.468592541789430470e+02
1.241921352701784577e+06 4.799914407723014165e+02 6.570428388652984495e+02
1.262121314522546018e+06 4.735256104716615368e+02 6.611492523308063483e+02
1.282649830528059974e+06 4.754010892008262772e+02 6.703715226063252430e+02
1.303512244681508979e+06 4.740304781249888606e+02 6.559016370077722513e+02
1.324713987866117386e+06 4.816714834504438159e+02 6.675263299037940214e+02
1.346260579298910918e+06 4.745714331389012273e+02 6.598012825751141008e+02
1.368157627967470558e+06 4.723740500045902309e+02 6.595291609708463056e+02
1.390410834090069635e+06 4.763627547115831362e+02 6.741207734457250353e+02
1.413025990599533543e+06 4.730142850846429496e+02 6.615077550091909870e+02
1.436008984651260544e+06 4.749393526797068716e+02 6.681000847333175443e+02
1.459365799155757762e+06 4.774629921307790710e+02 6.645965277720456470e+02
1.483102514336102875e+06 4.776717941700647998e+02 6.678942172127974573e+02
1.507225309310755460e+06 4.710904988979665973e+02 6.698975420856900200e+02
1.531740463702079840e+06 4.842359488690436251e+02 6.751735667847337936e+02
1.556654359271062072e+06 4.697354109610507180e+02 6.683933746045134967e+02
1.581973481578601524e+06 4.795156134302350210e+02 6.631233182653608083e+02
1.607704421673821984e+06 4.792619769815469226e+02 6.703144298129856224e+02
1.633853877809860278e+06 4.784768714865240895e+02 6.713782594858583934e+02
1.660428657187529607e+06 4.794506906731577374e+02 6.688083963461292569e+02
1.687435677727375645e+06 4.798906048188201794e+02 6.829062024741235746e+02
1.714881969870540779e+06 4.857090189823101696e+02 6.626238253328309611e+02
1.742774678408917272e+06 4.844654706719575756e+02 6.781788457928963680e+02
1.771121064345086925e+06 4.766186905196490784e+02 6.819734660175436147e+02
1.799928506782476557e+06 4.841641121288661793e+02 6.700286478900035263e+02
1.829204504846293712e+06 4.777349281662913540e+02 6.693741950656785775e+02
1.858956679635688197e+06 4.849341505777298948e+02 6.780948881560022983e+02
1.889192776207664283e+06 4.895114238672365445e+02 6.867019397165936425e+02
1.919920665593282785e+06 4.876755330903056347e+02 6.762912202001342621e+02
1.951148346846616361e+06 4.818316500176687782e+02 6.740002011397212982e+02
1.982883949127071304e+06 4.913216694728696439e+02 6.771460647696709430e+02
2.015135733815558488e+06 4.936938119637606519e+02 6.862480622037749072e+02
2.047912096665083431e+06 4.880856393003685412e+02 6.711251572441325379e+02
2.081221569986337097e+06 4.786827955799877259e+02 6.853384359863321151e+02
2.115072824868794531e+06 4.930139118389769806e+02 6.883600857838015372e+02
2.149474673437980469e+06 4.936525177168762184e+02 6.848221600716516377e+02
2.184436071149428375e+06 4.881519013221899286e+02 6.869774690383904954e+02
2.219966119119952433e+06 4.843452538116598589e+02 6.810084326190656157e+02
2.256074066496859305e+06 4.953117961279119186e+02 6.805568508433083252e+02
2.292769312865648884e+06 4.971019267807179176e+02 6.838912326050703996e+02
2.330061410696924664e+06 4.889943512370575149e+02 6.912306008525115431e+02
2.367960067833078559e+06 4.900414489044592301e+02 6.826585587720832109e+02
2.406475150015421677e+06 4.977127760668769270e+02 6.874406811329465654e+02
2.445616683452444151e+06 4.944935231399906570e+02 6.811487689206031746e+02
2.485394857429798692e+06 4.938636953465677379e+02 6.873063082037315326e+02
2.525820026962784585e+06 4.903935688956987065e+02 6.827617251195479184e+02
2.566902715491951909e+06 4.864564400761777279e+02 6.856764693572506530e+02
2.608653617622550577e+06 4.952025622806034448e+02 6.888014471253530928e+02
2.651083601908536162e+06 4.982001261143679471e+02 6.860484201193683020e+02
2.694203713681882247e+06 4.954604657065297033e+02 6.909659595833435333e+02
2.738025177927857731e+06 4.971058891616302731e+02 6.877712192748620055e+02
2.782559402207125910e+06 4.960539052979325447e+02 6.901511465860688759e+02
2.827817979625343811e+06 4.915408041402904473e+02 6.969205415164383339e+02
2.873812691851063631e+06 4.977273704796880907e+02 6.957834286955597918e+02
2.920555512182745151e+06 5.001754332957004863e+02 6.904199275390441244e+02
2.968058608665602282e+06 5.110586447741727625e+02 6.966383821717915907e+02
3.016334347259197384e+06 4.947501402053870834e+02 6.933877642974462105e+02
3.065395295056529809e+06 4.978961859277380313e+02 7.004362858558398557e+02
3.115254223555484787e+06 5.008028857864520091e+02 6.934618548766611639e+02
3.165924111983520444e+06 4.995189655363924430e+02 6.925924677142235169e+02
3.217418150676371530e+06 5.028307665617658699e+02 6.974629193122356128e+02
3.269749744511767756e+06 5.019832207917574465e+02 6.965526256385794568e+02
3.322932516398975160e+06 5.041934619650331797e+02 6.932191596669996443e+02
3.376980310825088061e+06 5.008330498774111561e+02 7.017607516128567795e+02
3.431907197459042538e+06 5.045839627111497521e+02 6.955804257361520513e+02
3.487727474814177491e+06 5.060359122714140199e+02 7.071248528256304553e+02
3.544455673970435746e+06 5.014985772664591650e+02 7.015875842345342335e+02
3.602106562357073650e+06 5.035516841666210439e+02 6.951929593644969145e+02
3.660695147596898489e+06 5.101274425793741898e+02 7.072459637155204746e+02
3.720236681413066108e+06 5.052915343435616933e+02 7.090847324757414754e+02
3.780746663599349093e+06 5.011884348272944862e+02 6.965422784945544663e+02
3.842240846055061091e+06 5.067454389973122488e+02 7.094743050965510065e+02
3.904735236885563936e+06 5.028373816632706621e+02 7.009024288743859188e+02
3.968246104569477960e+06 5.040286122427433497e+02 7.010456906753204294e+02
4.032789982193705160e+06 5.119685428360043034e+02 7.041670828492601686e+02
4.098383671757261269e+06 5.116275284811552524e+02 6.993081819085149391e+02
4.165044248545185197e+06 5.029156737946638600e+02 7.021351941333510922e+02
4.232789065573552623e+06 5.080914010136532966e+02 7.019182242438881758e+02
4.301635758106790483e+06 5.106878144637016703e+02 7.046060721666825657e+02
4.371602248248502612e+06 5.107734678809944171e+02 7.068156680296604009e+02
4.442706749606883153e+06 5.116950228354196497e+02 7.203852367016686458e+02
4.514967772036101669e+06 5.159959329735905840e+02 6.942946297804652431e+02
4.588404126454761252e+06 5.104111540066732005e+02 7.170378525457949763e+02
4.663034929742726497e+06 5.064013083987102846e+02 7.169365117528463998e+02
4.738879609717651270e+06 5.133397985802682797e+02 7.140235483590153081e+02
4.815957910192350857e+06 5.146159226549825689e+02 7.177576323288426465e+02
4.894289896114531904e+06 5.188500070253609238e+02 7.189538427612308169e+02
4.973895958790067583e+06 5.167859910783223540e+02 7.261256439110798055e+02
5.054796821191235445e+06 5.221552207200879820e+02 7.130522854346845634e+02
5.137013543351339176e+06 5.150281172519387383e+02 7.271726704923646594e+02
5.220567527846975252e+06 5.162083239039229738e+02 7.152842297600834627e+02
5.305480525369574316e+06 5.243114273058272374e+02 7.116916452058775349e+02
5.391774640387505293e+06 5.133992434345290121e+02 7.175931884858549665e+02
5.479472336900281720e+06 5.119667326417537652e+02 7.298138764714448143e+02
5.568596444286408834e+06 5.143694856245533629e+02 7.178981532107852672e+02
5.659170163246242329e+06 5.224146079207324647e+02 7.206233334793264476e+02
5.751217071841613390e+06 5.126786221218084165e+02 7.197116285676273719e+02
5.844761131633637473e+06 5.240522327859443976e+02 7.113508513558366531e+02
5.939826693920350634e+06 5.190061508065249427e+02 7.231143004304706210e+02
6.036438506075863726e+06 5.107693802550836040e+02 7.207757652293081492e+02
6.134621717992505990e+06 5.179416789048012788e+02 7.226611344539880974e+02
6.234401888627863489e+06 5.171348798836797869e+02 7.247029029182397153e+02
6.335804992658253759e+06 5.239979275587068059e+02 7.298552113389481519e+02
6.438857427240412682e+06 5.195313680032605816e+02 7.285358352337249244e+02
6.543586018883229233e+06 5.189553827138789757e+02 7.403885681302405146e+02
6.650018030431118794e+06 5.160018066334808964e+02 7.306457472977130010e+02
6.758181168161110021e+06 5.245352611122881399e+02 7.184771197043127131e+02
6.868103588995307684e+06 5.229855188510090329e+02 7.382934281314791178e+02
6.979813907830652781e+06 5.311454466562925063e+02 7.291281980889925762e+02
7.093341204987989739e+06 5.343380634634630724e+02 7.226913457218167878e+02
7.208715033782135695e+06 5.194329114900937157e+02 7.300011305277176916e+02
7.325965428215229884e+06 5.239671888759409057e+02 7.218534851926453939e+02
7.445122910795142874e+06 5.269493664566950883e+02 7.192645585346015196e+02
7.566218500481047668e+06 5.323531263675511127e+02 7.307250972967226517e+02
7.689283720758305863e+06 5.332099947997882055e+02 7.367027202872876614e+02
7.814350607844541781e+06 5.291710832187565074e+02 7.368083792929687661e+02
7.941451719029339962e+06 5.244467171849682927e+02 7.330918438882430337e+02
8.070620141149506904e+06 5.296210197965176576e+02 7.380342961527219359e+02
8.201889499202211387e+06 5.355850460945449640e+02 7.352163747339981228e+02
8.335293965098187327e+06 5.212343862254488158e+02 7.359991718183554212e+02
8.470868266557402909e+06 5.321320533529916474e+02 7.335504431452054632e+02
8.608647696149244905e+06 5.344676856505053593e+02 7.532760567560221716e+02
8.748668120479913428e+06 5.302890980918755304e+02 7.405562534913594845e+02
8.890965989529166371e+06 5.320779283455265158e+02 7.426404883781225408e+02
9.035578346138920635e+06 5.361704210304404796e+02 7.309153612454247195e+02
9.182542835656281561e+06 5.324575231133192119e+02 7.374865128197722015e+02
9.331897715733239427e+06 5.351402900249491950e+02 7.350829930054002261e+02
9.483681866285927594e+06 5.301421632846430612e+02 7.347264672543550432e+02
9.637934799615794793e+06 5.415920149806130439e+02 7.499266607208327287e+02
9.794696670695384964e+06 5.445651357114724078e+02 7.355184255952451622e+02
9.954008287621518597e+06 5.352838482625670622e+02 7.451400760784659951e+02
1.011591112223829702e+07 5.326767865595090825e+02 7.457578479138185230e+02
1.028044732093309797e+07 5.380480914731722351e+02 7.469735813867746401e+02
1.044765971560805291e+07 5.400120543434147748e+02 7.322090385035531881e+02
1.061759183482998982e+07 5.304792718978528683e+02 7.468015095968072501e+02
1.079028791516183689e+07 5.447385100870764063e+02 7.520584963330991286e+02
1.096579291267809831e+07 5.423312691389575093e+02 7.504455892442191498e+02
1.114415251466788165e+07 5.405504411974285404e+02 7.429073329481360588e+02
1.132541315152812563e+07 5.419339907873496713e+02 7.485302084983821942e+02
1.150962200885031186e+07 5.423605689719009888e+02 7.480203538336197653e+02
1.169682703970384598e+07 5.437175362806281100e+02 7.518987485719238748e+02
1.188707697711903229e+07 5.488668002927709040e+02 7.505783572349675978e+02
1.208042134677328914e+07 5.418879953882479867e+02 7.488489028695613570e+02
1.227691047988360375e+07 5.421788901730955104e+02 7.478032022237363208e+02
1.247659552630868554e+07 5.353689079095870511e+02 7.444786954075347012e+02
1.267952846786434017e+07 5.434377889722809414e+02 7.586283490701569008e+02
1.288576213185518049e+07 5.333920816793747690e+02 7.521378520916351818e+02
1.309535020482667722e+07 5.461744143754870038e+02 7.458148960209149436e+02
1.330834724654076062e+07 5.386675356908731374e+02 7.599158810890486393e+02
1.352480870417873934e+07 5.506264459132132743e+02 7.580365533993631288e+02
1.374479092677536607e+07 5.516297490244411392e+02 7.515013013217969728e+02
1.396835117988739721e+07 5.483826440580850203e+02 7.571936068638134429e+02
1.419554766050101630e+07 5.489206361095300508e+02 7.654429296243564522e+02
1.442643951218158752e+07 5.455411855755585293e+02 7.620068768395590268e+02
1.466108684046982974e+07 5.429469949248563125e+02 7.725921044460659459e+02
1.489955072852853686e+07 5.511822221119844016e+02 7.657660939353324920e+02
1.514189325304351933e+07 5.528657964222317105e+02 7.690298002582416075e+02
1.538817750038346462e+07 5.549036573623392314e+02 7.660253270140215136e+02
1.563846758302247711e+07 5.521554796174154944e+02 7.549162874736691720e+02
1.589282865622976422e+07 5.479544459480134719e+02 7.607636097635351007e+02
1.615132693503089622e+07 5.439480213772761772e+02 7.716485384926818369e+02
1.641402971144466475e+07 5.548659606493221190e+02 7.704860616144312644e+02
1.668100537200059183e+07 5.495915832442415194e+02 7.562510048258309325e+02
1.695232341554121301e+07 5.556569585387042025e+02 7.525321598892144266e+02
1.722805447131392360e+07 5.501203027039338167e+02 7.705994702828669460e+02
1.750827031735723466e+07 5.549411593121939177e+02 7.508114586329973008e+02
1.779304389918577299e+07 5.471353866485911794e+02 7.711087243144527292e+02
1.808244934877951816e+07 5.538991817690683774e+02 7.712541197532300430e+02
1.837656200388172269e+07 5.581331842916199548e+02 7.731806625999822700e+02
1.867545842761074007e+07 5.515581432100425445e+02 7.727710633480734259e+02
1.897921642839099467e+07 5.579661407452801996e+02 7.740945397258709590e+02
1.928791508020777628e+07 5.682990445800259067e+02 7.629293208089687823e+02
1.960163474319185689e+07 5.503618802600600475e+02 7.749591187414514479e+02
1.992045708453871310e+07 5.677286959646198738e+02 7.685129298750096041e+02
2.024446509976801649e+07 5.688847039657750884e+02 7.752586840415169718e+02
2.057374313432911411e+07 5.669413167503416844e+02 7.808331034358172928e+02
2.090837690555749834e+07 5.682938454701632054e+02 7.767138008977805157e+02
2.124845352498883009e+07 5.580363476970738930e+02 7.783764849991073334e+02
2.159406152103567496e+07 5.568702809235417135e+02 7.908833098982651109e+02
2.194529086203311384e+07 5.668945147091229728e+02 7.844589529975698952e+02
2.230223297965936363e+07 5.701697225690413688e+02 7.875817284948950601e+02
2.266498079273692891e+07 5.591196995701868673e+02 7.898385496188425350e+02
2.303362873142131418e+07 5.587400497693136003e+02 7.736342477263710862e+02
2.340827276178294420e+07 5.665840794898010699e+02 7.749023999627934245e+02
2.378901041078890860e+07 5.610501780274627208e+02 7.754513646901076527e+02
2.417594079169128463e+07 5.728695926561173337e+02 7.910883437842962849e+02
2.456916462982790172e+07 5.674037035500762158e+02 7.773732385440863482e+02
2.496878428884326667e+07 5.685396086486884997e+02 7.800028046074186250e+02
2.537490379733571783e+07 5.720368508090109572e+02 7.976391707291074908e+02
2.578762887593803555e+07 5.704102085900294696e+02 7.801217499158694864e+02
2.620706696483849734e+07 5.683467156342587714e+02 7.814432357935074833e+02
2.663332725174980611e+07 5.662589558816613362e+02 7.922339042485674554e+02
2.706652070033241436e+07 5.666444447538190161e+02 7.996530079678004768e+02
2.750676007908067480e+07 5.705199626237301800e+02 8.042672246939387151e+02
2.795415999067859352e+07 5.768483094838463785e+02 7.852347843109257610e+02
2.840883690183301270e+07 5.731154836903448313e+02 7.877517411768300235e+02
2.887090917359234765e+07 5.679128079417012032e+02 7.818826111058672268e+02
2.934049709215787053e+07 5.767243467768844312e+02 8.061216830059297536e+02
2.981772290019673482e+07 5.754231979913220130e+02 7.881818694950316058e+02
3.030271082866399363e+07 5.733223083037676133e+02 8.064536917230025210e+02
3.079558712914223224e+07 5.661053461988789195e+02 7.941459411888572504e+02
3.129648010670750588e+07 5.756428461158163827e+02 7.981094802113228752e+02
3.180552015332919732e+07 5.811170726777255595e+02 7.974814214098023513e+02
3.232283978181380779e+07 5.765557296338515698e+02 7.944370453126152825e+02
3.284857366030047089e+07 5.787547917693062800e+02 7.945864080934693447e+02
3.338285864731757715e+07 5.726707713154872863e+02 7.786302998491040626e+02
3.392583382740991563e+07 5.767625285616085193e+02 7.921107228204875810e+02
3.447764054734463990e+07 5.761493613501909294e+02 7.960817369852754837e+02
3.503842245290675759e+07 5.792069317016375862e+02 8.204232652487232826e+02
3.560832552629281580e+07 5.685925633883424553e+02 8.135575755291654332e+02
3.618749812411276996e+07 5.814461809462477504e+02 8.066714138219194865e+02
3.677609101601030678e+07 5.779910662260697336e+02 7.982704745759729121e+02
3.737425742391064018e+07 5.754494314942571691e+02 8.063319184392000807e+02
3.798215306190736592e+07 5.828026784750176148e+02 8.050166895005602328e+02
3.859993617679771036e+07 5.767082325076240750e+02 8.091843781753049143e+02
3.922776758927715570e+07 5.744270809636049080e+02 7.992312068242730447e+02
3.986581073580438644e+07 5.748102282727595593e+02 8.175716159592114991e+02
4.051423171114647388e+07 5.870727957257224716e+02 8.076737588316306073e+02
4.117319931161679327e+07 5.810048285659861449e+02 8.121544961341168118e+02
4.184288507901584357e+07 5.847207712848389747e+02 8.045858482650440919e+02
4.252346334528677911e+07 5.813806730693418103e+02 8.022879866246130405e+02
4.321511127789761871e+07 5.782472565935513558e+02 8.255769871125781947e+02
4.391800892596086115e+07 5.792963273714609613e+02 8.128125321288896430e+02
4.463233926710397005e+07 5.917472020977315879e+02 7.998834586824085591e+02
4.535828825510191172e+07 5.859214150772620542e+02 8.165707359767945945e+02
4.609604486828429252e+07 5.888453142475002551e+02 8.182083981762780240e+02
4.684580115873045474e+07 5.778364672962117083e+02 8.053435280332820412e+02
4.760775230226368457e+07 5.837271074131762134e+02 8.189962375611489733e+02
4.838209664925957471e+07 5.912023559903980185e+02 8.292940059471883387e+02
4.916903577628031373e+07 5.882286826404559861e+02 8.146159610018961530e+02
4.996877453854878992e+07 5.839227552063417761e+02 8.182747843589156673e+02
5.078152112327670306e+07 5.916333349130007946e+02 8.210411807779438504e+02
5.160748710385907441e+07 5.897077924125989057e+02 8.206491684567142784e+02
5.244688749495118856e+07 5.986013539527156126e+02 8.100620905542335777e+02
5.329994080844093114e+07 5.840162352452919095e+02 8.192621195997526229e+02
5.416686911033146828e+07 5.919864485642891623e+02 8.197777102377979190e+02
5.504789807854967564e+07 5.943196995271133574e+02 8.164551314307278744e+02
5.594325706169377267e+07 5.858149792654453449e+02 8.278340604926888773e+02
5.685317913873753697e+07 5.941242605129242520e+02 8.253538938302255019e+02
5.777790117970506847e+07 5.929865066616010836e+02 8.275957011122839049e+02
5.871766390733249485e+07 6.077254599815551046e+02 8.214718767509789359e+02
5.967271195973310620e+07 5.917225452430546966e+02 8.222585491026244426e+02
6.064329395408061892e+07 5.955164969504152168e+02 8.233000127986226744e+02
6.162966255132941902e+07 5.879917327237448035e+02 8.219843400197009942e+02
6.263207452198692411e+07 6.052984080222807961e+02 8.309822753808498419e+02
6.365079081295564771e+07 5.943116459873336908e+02 8.264929168938590465e+02
6.468607661546320468e+07 6.078403526367148970e+02 8.301634559702722527e+02
6.573820143409585208e+07 6.024897171474030984e+02 8.340727834346928375e+02
6.680743915695614368e+07 5.949043871553853933e+02 8.328776951928502967e+02
6.789406812696112692e+07 6.020128808315909055e+02 8.359972173444837154e+02
6.899837121430011094e+07 6.154972268527118331e+02 8.302276140740237906e+02
7.012063589007176459e+07 6.113849756149230643e+02 8.331009379929304259e+02
7.126115430111745000e+07 6.070654586529415155e+02 8.314252264076642405e+02
7.242022334607315063e+07 6.008372851274390314e+02 8.382087022692537630e+02
7.359814475265771151e+07 6.030902181814262804e+02 8.356952789986380594e+02
7.479522515621814132e+07 6.098723684751347491e+02 8.254192544596425023e+02
7.601177617955322564e+07 6.006660714227276685e+02 8.359039134204036827e+02
7.724811451403400302e+07 6.018761278346180461e+02 8.440812642823885881e+02
7.850456200204509497e+07 6.106798058501578907e+02 8.357261566751215014e+02
7.978144572076629102e+07 6.011097831367073923e+02 8.478891951140394667e+02
8.107909806731678545e+07 6.086728169581438124e+02 8.233832017481850016e+02
8.239785684528511763e+07 6.119239658761565579e+02 8.480822249455804922e+02
8.373806535266488791e+07 6.172891423420488763e+02 8.481638309775275957e+02
8.510007247122246027e+07 6.103962882376492871e+02 8.360665556942406056e+02
8.648423275731725991e+07 6.068878737598879525e+02 8.376462540418038998e+02
8.789090653419964015e+07 6.108622614268812185e+02 8.338361752942756766e+02
8.932045998580959439e+07 6.077857849842475844e+02 8.547590608874728559e+02
9.077326525210224092e+07 6.149845398549430229e+02 8.458103232925329849e+02
9.224970052592174709e+07 6.191689568868138167e+02 8.330169855793770921e+02
9.375015015145289898e+07 6.114040087820357030e+02 8.620475942097916686e+02
9.527500472427299619e+07 6.156638862862682799e+02 8.519512044642876845e+02
9.682466119303114712e+07 6.174901944168988166e+02 8.529032621852054490e+02
9.839952296278226376e+07 6.198091239058966266e+02 8.466072968435743178e+02
1.000000000000000000e+08 6.184141244692468717e+02 8.526392409206275715e+02
