# 1000 rows, 3 columns : energy (GeV), meson, baryon sigma (mb)
1.000000000000000000e+01 9.489752563151353115e+02 1.320381942159803657e+03
1.016265089392994625e+01 9.423857987465864881e+02 1.320521783519922792e+03
1.032794731918951392e+01 9.447605756291193302e+02 1.318481255625122230e+03
1.049593230558227752e+01 9.421800225838902634e+02 1.320652514497277707e+03
1.066664958279539377e+01 9.471187968296990221e+02 1.317570086333499603e+03
1.084014359178330977e+01 9.357944956559755383e+02 1.326690304859192111e+03
1.101645949633656407e+01 9.454778130588961176e+02 1.325444634762869100e+03
1.119564319483878201e+01 9.464433005279547615e+02 1.336021312185086117e+03
1.137774133221491368e+01 9.555302673189196412e+02 1.322192020262750702e+03
1.156280131207375916e+01 9.397569357197522777e+02 1.325807591113343960e+03
1.175087130904807609e+01 9.444276397476482998e+02 1.322234848350600259e+03
1.194200028133531966e+01 9.568265896036778031e+02 1.317746820926418650e+03
1.213623798344240612e+01 9.516757491916566778e+02 1.322297888982230688e+03
1.233363497913775930e+01 9.479160444275072450e+02 1.313043998489081787e+03
1.253424265461400111e+01 9.447217824419838053e+02 1.332833106206525372e+03
1.273811323186478539e+01 9.479390628184985417e+02 1.326514018736053458e+03
1.294529978227915379e+01 9.480909526359874917e+02 1.336307666958734899e+03
1.315585624045704449e+01 9.424630173533969355e+02 1.329565915162092097e+03
1.336983741824946570e+01 9.439183680648452537e+02 1.325745001413629552e+03
1.358729901902709791e+01 9.485451776410180855e+02 1.320308572902999003e+03
1.380829765218092398e+01 9.512753334115136568e+02 1.326193299645117804e+03
1.403289084785872376e+01 9.471305588602398302e+02 1.338574759615002449e+03
1.426113707194128999e+01 9.519111781508191825e+02 1.325981522727757465e+03
1.449309574126216660e+01 9.576784490361450253e+02 1.334833050774035655e+03
1.472882723907502545e+01 9.467396942066663996e+02 1.331335453222362275e+03
1.496839293077255562e+01 9.482547040959648257e+02 1.327187478865220100e+03
1.521185517986104863e+01 9.499630348318013375e+02 1.329587072827302563e+03
1.545927736419477760e+01 9.422278196634525784e+02 1.329975379733293266e+03
1.571072389247450474e+01 9.498921410808372912e+02 1.333198771886305394e+03
1.596626022101425946e+01 9.532441728454680288e+02 1.329127481925932216e+03
1.622595287078087267e+01 9.523093171455579977e+02 1.322872477111338412e+03
1.648986944471064930e+01 9.540071738444740959e+02 1.323892242501831333e+03
1.675807864530768043e+01 9.478863354687995297e+02 1.313852961365247666e+03
1.703065029252844198e+01 9.528791299190490918e+02 1.329190827468577254e+03
1.730765534195725053e+01 9.459005548178420213e+02 1.332258821306664231e+03
1.758916590327732621e+01 9.532601444252023839e+02 1.321065234590843829e+03
1.787525525904235479e+01 9.481281103599350217e+02 1.328401941553940787e+03
1.816599788375327762e+01 9.531025799901705113e+02 1.334032519649143069e+03
1.846146946324547500e+01 9.407263320107466598e+02 1.328332793365077805e+03
1.876174691439120323e+01 9.492502113079581250e+02 1.338481217637108102e+03
1.906690840512251839e+01 9.436777606534914185e+02 1.332546847071685534e+03
1.937703337477988796e+01 9.468791138646054151e+02 1.333939549197917131e+03
1.969220255479172366e+01 9.501298482074541880e+02 1.341835079167413596e+03
2.001249798969037030e+01 9.481361441626729629e+02 1.332717422555502708e+03
2.033800305846980905e+01 9.441644435487062310e+02 1.341018452825830764e+03
2.066880249629081945e+01 9.616544407426275711e+02 1.330542872769015730e+03
2.100498241653915343e+01 9.522763973135255355e+02 1.347511805304934114e+03
2.134663033324244452e+01 9.521978296112351927e+02 1.343426871447663189e+03
2.169383518385184217e+01 9.450072574561216925e+02 1.331039818078850885e+03
2.204668735239408761e+01 9.604113735447947420e+02 1.328038149827403004e+03
2.240527869300018082e+01 9.565626824430797797e+02 1.342266339013770676e+03
2.276970255381679920e+01 9.473834819129585867e+02 1.343173268684309051e+03
2.314005380130652867e+01 9.557557734485944820e+02 1.323473225101971821e+03
2.351642884494348706e+01 9.522184056694839001e+02 1.346169481616944495e+03
2.389892566231050353e+01 9.573893407693595918e+02 1.330687097091142277e+03
2.428764382460450477e+01 9.516550943624127967e+02 1.344877457055208197e+03
2.468268452255692580e+01 9.511330159272350784e+02 1.326792045275255532e+03
2.508415059277539783e+01 9.630917402517679875e+02 1.329101757549939521e+03
2.549214654451423101e+01 9.573933257573864921e+02 1.350172313626791038e+03
2.590677858688008683e+01 9.582972593595583248e+02 1.345394231451745327e+03
2.632815465648021203e+01 9.526553287332189939e+02 1.332301828397260806e+03
2.675638444552045314e+01 9.616666975941571991e+02 1.348005710112637189e+03
2.719157943036017500e+01 9.490303614118254245e+02 1.345178417228528588e+03
2.763385290053169996e+01 9.651701184897076473e+02 1.334967772953746362e+03
2.808331998823172526e+01 9.494812073284088001e+02 1.340410442117542516e+03
2.854009769829238863e+01 9.633627323190405605e+02 1.345008323804200700e+03
2.900430493863991543e+01 9.512516966936009339e+02 1.352542767643788693e+03
2.947606255124857100e+01 9.472291645386040955e+02 1.340434190140975261e+03
2.995549334359813187e+01 9.657227337873845272e+02 1.342424999509741610e+03
3.044272212064302607e+01 9.570427638399906982e+02 1.340884926463776992e+03
3.093787571730138453e+01 9.514339217454904656e+02 1.336168343971426566e+03
3.144108303147264749e+01 9.646408724573537938e+02 1.356863016499130026e+03
3.195247505759212103e+01 9.574266870889348411e+02 1.342322889044052772e+03
3.247218492073128715e+01 9.610490344965021450e+02 1.357433635482203044e+03
3.300034791125285238e+01 9.604657754785094994e+02 1.339515657241624922e+03
3.353710152002930300e+01 9.659600660609610259e+02 1.339195480701376937e+03
3.408258547423452001e+01 9.623792965512435558e+02 1.338745008486354664e+03
3.463694177371732508e+01 9.545095976676038845e+02 1.334513007004792826e+03
3.520031472796679139e+01 9.678362102589181859e+02 1.328963196030010522e+03
3.577285099367873755e+01 9.562224203564371692e+02 1.350275257543642510e+03
3.635469961293319585e+01 9.629553471903714126e+02 1.357298562306456233e+03
3.694601205199302285e+01 9.687838593969826206e+02 1.344659002743577730e+03
3.754694224073336528e+01 9.566145438686693296e+02 1.361637647412955857e+03
3.815764661271248315e+01 9.587871504042578863e+02 1.363122566776030453e+03
3.877828414589457395e+01 9.706037622239737175e+02 1.349771662721539315e+03
3.940901640403449591e+01 9.675092217254522211e+02 1.346805299258222476e+03
4.005000757873611406e+01 9.633032294578318897e+02 1.345816578380661440e+03
4.070142453219438750e+01 9.644510167626146995e+02 1.350124006313572863e+03
4.136343684063273685e+01 9.707220193550602971e+02 1.356886562751575866e+03
4.203621683844713885e+01 9.764872748609324162e+02 1.345020642695759307e+03
4.271993966306779100e+01 9.753933816961751972e+02 1.341787184675412618e+03
4.341478330055092272e+01 9.700153081726361961e+02 1.346830282276597018e+03
4.412092863191190162e+01 9.780020509002457629e+02 1.343670283511309663e+03
4.483855948021186322e+01 9.722402393269162530e+02 1.355396716579770782e+03
4.556786265841063965e+01 9.666892113311546382e+02 1.354774236248907982e+03
4.630902801799739166e+01 9.733464592865752820e+02 1.352065957089095036e+03
4.706224849841281355e+01 9.725328182305972859e+02 1.361069151202211060e+03
4.782772017727485547e+01 9.684268018491835619e+02 1.374889273399018975e+03
4.860564232142133534e+01 9.725394989660783267e+02 1.359200489200487254e+03
4.939621743878320359e+01 9.740461874752492122e+02 1.358471900045048415e+03
5.019965133110081723e+01 9.767983407691370985e+02 1.344727309659134789e+03
5.101615314749833630e+01 9.668901332422478845e+02 1.364805406189159385e+03
5.184593543892913203e+01 9.686044420370001262e+02 1.362121319948387281e+03
5.268921421350671608e+01 9.815503118180618003e+02 1.360310085839026669e+03
5.354620899273607648e+01 9.679718161767962101e+02 1.373906242793334513e+03
5.441714286865889960e+01 9.696692204701114406e+02 1.371347234206446501e+03
5.530224256192899901e+01 9.703113755421495625e+02 1.364792784839683236e+03
5.620173848083187806e+01 9.680434148084021899e+02 1.362644809385682947e+03
5.711586478126432098e+01 9.822310791834644306e+02 1.344960558958330694e+03
5.804485942768977935e+01 9.777261483224561971e+02 1.371084405990860205e+03
5.898896425508496577e+01 9.726833037710952112e+02 1.374059738749612507e+03
5.994842503189408944e+01 9.717809017770313176e+02 1.353757610505991352e+03
6.092349152400711887e+01 9.701100848734731699e+02 1.362623424715514375e+03
6.191441755977844252e+01 9.776329965405438998e+02 1.378590288547841283e+03
6.292146109610344240e+01 9.708595774738670343e+02 1.380164577037881600e+03
6.394488428556942949e+01 9.775164931485369380e+02 1.362106985099586154e+03
6.498495354469888241e+01 9.841684161189670021e+02 1.353313826411851551e+03
6.604193962330305112e+01 9.744692372516592513e+02 1.369652764071570346e+03
6.711611767496283676e+01 9.771186640623467383e+02 1.361967923805654664e+03
6.820776732865685688e+01 9.837827394734196105e+02 1.364253653676052409e+03
6.931717276155407603e+01 9.829685691525464790e+02 1.375132519351182509e+03
7.044462277299037112e+01 9.824350282991189260e+02 1.367633284995013810e+03
7.159041085964888396e+01 9.711216832829985606e+02 1.379046825061579966e+03
7.275483529196229426e+01 9.769227566360584660e+02 1.373113516816451011e+03
7.393819919175865607e+01 9.880709315505862378e+02 1.370660049997106171e+03
7.514081061116969806e+01 9.868033258428723684e+02 1.371493601512235273e+03
7.636298261282242095e+01 9.847367361702622475e+02 1.374362305059345999e+03
7.760503335133570602e+01 9.871590540098786732e+02 1.368023332369710943e+03
7.886728615614151749e+01 9.876704692076481251e+02 1.386111727256815584e+03
8.015006961565404708e+01 9.781178763353328804e+02 1.373277694602600377e+03
8.145371766280744907e+01 9.879014647943305363e+02 1.364244358001761384e+03
8.277856966198471866e+01 9.835856104161631492e+02 1.373378487558429697e+03
8.412497049736118981e+01 9.878244762193102133e+02 1.374414538932846199e+03
8.549327066268379838e+01 9.904420128912631753e+02 1.373615739545603446e+03
8.688382635251184638e+01 9.769421255891381861e+02 1.379824471446060670e+03
8.829699955494092478e+01 9.772599026697558884e+02 1.378244694933744768e+03
8.973315814583520478e+01 9.851201522604266074e+02 1.387104336882628786e+03
9.119267598459298085e+01 9.889075375906476211e+02 1.377095286193376978e+03
9.267593301146878559e+01 9.820513054051534709e+02 1.375838496386440738e+03
9.418331534647951742e+01 9.839967510356300409e+02 1.378372071001900395e+03
9.571521538991865441e+01 9.883520413710880348e+02 1.372752846377547257e+03
9.727203192450537017e+01 9.885155332477438606e+02 1.397901041791879379e+03
9.885417021919573699e+01 9.822498052635932027e+02 1.394056017606972546e+03
1.004620421346813117e+02 9.926997555952283392e+02 1.389357201021691935e+03
1.020960662306046487e+02 9.949998595797820826e+02 1.381617190499178605e+03
1.037566678745185982e+02 9.909381376054828934e+02 1.398954091478322653e+03
1.054442793526168458e+02 9.926361722554893277e+02 1.382481326375382650e+03
1.071593399822671131e+02 9.954434413514776452e+02 1.387452571184367343e+03
1.089022962263730534e+02 9.949964086387009274e+02 1.376838891336836468e+03
1.106736018095973435e+02 9.969678692638194661e+02 1.380353301764795106e+03
1.124737178364751884e+02 9.867843759157732393e+02 1.378240407136576323e+03
1.143031129114478688e+02 9.872929665353285600e+02 1.387764953322551037e+03
1.161622632608501817e+02 9.969996502476294609e+02 1.388272850488277982e+03
1.180516528568805512e+02 9.871918752621492104e+02 1.391566527484506423e+03
1.199717735435884265e+02 9.846174654528518886e+02 1.384863962719747860e+03
1.219231251649110703e+02 9.942488381821036683e+02 1.396769233047992429e+03
1.239062156947915696e+02 9.823224653970038389e+02 1.378728927353330619e+03
1.259215613694150875e+02 9.964728158880554929e+02 1.384059219007174761e+03
1.279696868215941663e+02 9.839943271295713885e+02 1.391527742566936240e+03
1.300511252173409957e+02 9.888266928995241187e+02 1.387213597029495759e+03
1.321664183946605249e+02 9.919370548533883039e+02 1.399480536635750241e+03
1.343161170046015229e+02 1.004532835353402561e+03 1.393151939481451791e+03
1.365007806546013853e+02 9.930852081606773254e+02 1.399973145547459808e+03
1.387209780541620887e+02 9.990762606283610694e+02 1.385400827242365722e+03
1.409772871628967721e+02 9.986154828602667521e+02 1.392226409862274295e+03
1.432702953409830968e+02 1.005643019130781568e+03 1.402726102936231200e+03
1.456005995020648527e+02 9.938794011057850639e+02 1.391290539185198668e+03
1.479688062686396393e+02 1.016507865298442880e+03 1.406570214297937355e+03
1.503755321299738341e+02 1.010256900459951567e+03 1.406392170969476410e+03
1.528214036025870826e+02 9.984864196070039952e+02 1.398996968748503605e+03
1.553070573933460139e+02 1.001950088299232789e+03 1.403275250223551211e+03
1.578331405652116359e+02 9.994495477855901981e+02 1.397832255985696520e+03
1.604003107056819886e+02 1.001331474791248070e+03 1.391607694961209518e+03
1.630092360979741102e+02 9.967000973721507080e+02 1.414663136554250059e+03
1.656605958949915305e+02 1.002548183238818979e+03 1.404484841015528673e+03
1.683550802961202351e+02 1.008290603105480272e+03 1.413206224277105321e+03
1.710933907269013332e+02 9.988789291116279401e+02 1.399448714638496085e+03
1.738762400216250512e+02 9.997300595354826100e+02 1.409648983892015622e+03
1.767043526088946521e+02 1.000102902982664432e+03 1.388774673372737880e+03
1.795784647002096790e+02 1.008161723765396118e+03 1.412924939544330527e+03
1.824993244816152469e+02 9.980373705326654772e+02 1.408267236211122736e+03
1.854676923084697648e+02 1.006979165940427151e+03 1.397480906152777607e+03
1.884843409033795467e+02 1.013069421449962988e+03 1.409064235872103382e+03
1.915500555573527777e+02 9.976959963441812533e+02 1.421570998165373112e+03
1.946656343342263256e+02 1.010575171239193310e+03 1.408019709237579718e+03
1.978318882784164430e+02 1.009475428305820969e+03 1.410754132745739298e+03
2.010496416260496915e+02 1.012855249230031859e+03 1.411611534896440389e+03
2.043197320195270379e+02 1.010545326674809871e+03 1.413588186557678455e+03
2.076430107255774828e+02 1.009335680258854040e+03 1.420375979946428288e+03
2.110203428568596564e+02 1.008557830153151940e+03 1.415611917070226127e+03
2.144526075971667467e+02 1.009629346062403783e+03 1.414936741726500941e+03
2.179406984302953560e+02 1.011854452528144407e+03 1.413549620910486283e+03
2.214855233726359245e+02 1.017087618122659251e+03 1.413326362402214500e+03
2.250880052095461679e+02 1.005236574797398362e+03 1.428196017391874875e+03
2.287490817355703996e+02 1.027552589607413438e+03 1.401380009037392256e+03
2.324697059985647911e+02 1.016375150220620981e+03 1.416318673881255791e+03
2.362508465477945094e+02 1.022298049039041985e+03 1.423688933671997802e+03
2.400934876860651741e+02 1.013723554309554743e+03 1.415219220041810104e+03
2.439986297259550270e+02 1.009596463629971140e+03 1.427888344387459483e+03
2.479672892502159982e+02 1.013720523804862069e+03 1.425125297827743452e+03
2.520004993764092092e+02 1.010226136836230012e+03 1.429173869533069819e+03
2.560993100258456820e+02 1.021144455006397834e+03 1.421306047499854685e+03
2.602647881969004402e+02 1.014903807025987362e+03 1.426410463979063479e+03
2.644980182427719910e+02 1.016005289730186064e+03 1.419762479527725645e+03
2.688001021537607471e+02 1.016939916298614094e+03 1.425091004933095064e+03
2.731721598441376386e+02 1.017001075929997342e+03 1.431765804437710131e+03
2.776153294436797978e+02 1.023682020824485448e+03 1.424939393578354156e+03
2.821307675939470982e+02 1.009966046405178304e+03 1.428176424728428628e+03
2.867196497493769698e+02 1.028039851987336988e+03 1.421755873107474599e+03
2.913831704832788887e+02 1.026966959542064387e+03 1.419048681542612485e+03
2.961225437988034628e+02 1.017724392942700092e+03 1.426913584136786540e+03
3.009390034449721156e+02 1.010926431414337117e+03 1.424465039216006971e+03
3.058338032378431421e+02 1.019826381121239820e+03 1.421986001441052622e+03
3.108082173869063922e+02 1.036114291613213481e+03 1.425654905877390547e+03
3.158635408267819003e+02 1.020023071121519934e+03 1.425206046930527236e+03
3.210010895543171614e+02 1.022581656875900762e+03 1.435478973173124132e+03
3.262222009711670125e+02 1.026991957398736986e+03 1.430840344050637896e+03
3.315282342319423492e+02 1.024543420145998425e+03 1.426355207150419346e+03
3.369205705980266998e+02 1.028533445475697363e+03 1.425605081187038650e+03
3.424006137971425687e+02 1.020720643218695045e+03 1.430168574256898410e+03
3.479697903887691268e+02 1.024718713834919299e+03 1.450481215250747709e+03
3.536295501355043029e+02 1.021920196452684650e+03 1.432199068725352845e+03
3.593813663804625662e+02 1.028232245715687441e+03 1.449200894071632774e+03
3.652267364308175388e+02 1.026216122969693970e+03 1.439239248687606732e+03
3.711671819475766938e+02 1.029327766473713154e+03 1.430641734443256155e+03
3.772042493416997218e+02 1.035094271003861422e+03 1.425291848911773968e+03
3.833395101766601556e+02 1.030455086164383147e+03 1.450047418238299770e+03
3.895745615775501278e+02 1.037933158352237115e+03 1.433746576495092540e+03
3.959110266468458690e+02 1.018699854858141293e+03 1.434941707179096966e+03
4.023505548869293307e+02 1.036265987717327562e+03 1.435306258030725530e+03
4.088948226294864412e+02 1.028244595638169585e+03 1.460955292942926008e+03
4.155455334718875520e+02 1.037229808951989071e+03 1.438383035516600785e+03
4.223044187206672291e+02 1.039239025475370454e+03 1.456321740574338492e+03
4.291732378422157694e+02 1.029342705621445930e+03 1.433193037449480471e+03
4.361537789208005620e+02 1.034291829455063862e+03 1.436444171571466313e+03
4.432478591240400760e+02 1.034739277550860834e+03 1.452542429238839759e+03
4.504573251759458685e+02 1.035715487055782432e+03 1.444810750690567602e+03
4.577840538376616450e+02 1.029387617213055137e+03 1.436961374132801438e+03
4.652299523960189163e+02 1.031564458203118193e+03 1.455654591588907124e+03
4.727969591600390800e+02 1.036055856192961983e+03 1.449877936437612561e+03
4.804870439655134078e+02 1.038587310127812088e+03 1.454784093274752877e+03
4.883022086877879815e+02 1.025291174331787261e+03 1.437420537084662556e+03
4.962444877628913673e+02 1.045441239269931430e+03 1.463253709328106652e+03
5.043159487171358819e+02 1.031845549852785780e+03 1.456546598087812299e+03
5.125186927053332511e+02 1.030800633640363003e+03 1.443259477746982611e+03
5.208548550577665992e+02 1.048900505555575592e+03 1.455083235577167670e+03
5.293266058360561601e+02 1.032449566404487996e+03 1.459755447249152212e+03
5.379361503980697989e+02 1.037766489824068685e+03 1.452661922582813986e+03
5.466857299720180663e+02 1.039855280109962905e+03 1.449217823168757377e+03
5.555776222398877735e+02 1.039230795099335637e+03 1.454992121080432071e+03
5.646141419303672819e+02 1.042850810576658432e+03 1.450104250632975436e+03
5.737976414214133456e+02 1.039430323847087038e+03 1.447546284337043971e+03
5.831305113526218520e+02 1.034660817861879195e+03 1.441357627624108090e+03
5.926151812475552560e+02 1.047220801709571560e+03 1.460371190539451163e+03
6.022541201461928040e+02 1.042425266339215341e+03 1.467284702042262325e+03
6.120498372476703253e+02 1.047995498852742230e+03 1.446747552224551782e+03
6.220048825634711420e+02 1.045396347285742195e+03 1.459304581480478419e+03
6.321218475812448787e+02 1.048562252532288312e+03 1.465369469498115905e+03
6.424033659394191318e+02 1.045783230806515121e+03 1.469740856893416549e+03
6.528521141127847613e+02 1.050171307465367590e+03 1.462058672580802067e+03
6.634708121092351121e+02 1.048463287290545622e+03 1.463224761753737994e+03
6.742622241778342413e+02 1.047235509556634725e+03 1.453003687542802254e+03
6.852291595284057166e+02 1.043671434587925432e+03 1.462822397804824504e+03
6.963744730628221760e+02 1.046437986619624326e+03 1.455909274656117304e+03
7.077010661181889191e+02 1.053936442495008805e+03 1.470416566284895453e+03
7.192118872221193442e+02 1.046673066119637042e+03 1.458371705238597087e+03
7.309099328602910646e+02 1.042657529854831182e+03 1.479537944470398770e+03
7.427982482564910924e+02 1.052899210447985524e+03 1.464394987215389847e+03
7.548799281653431308e+02 1.054171418334350847e+03 1.460886794264756873e+03
7.671581176779302496e+02 1.051099583566574893e+03 1.462255636568995897e+03
7.796360130405237214e+02 1.054624817559482381e+03 1.474441431602983130e+03
7.923168624866253822e+02 1.052323416414871645e+03 1.461225755706005202e+03
8.052039670825470239e+02 1.051650732570815535e+03 1.470509912655956214e+03
8.183006815867389605e+02 1.052476436539757060e+03 1.483705815814611469e+03
8.316104153230961629e+02 1.054438006582111939e+03 1.465792344192230757e+03
8.451366330684721788e+02 1.052671722429573947e+03 1.472048309300933397e+03
8.588828559546249153e+02 1.052105017436548678e+03 1.485674970332225712e+03
8.728526623848371173e+02 1.051446545137337125e+03 1.488018141924542761e+03
8.870496889654402821e+02 1.054565917192936922e+03 1.478864120533130290e+03
9.014776314524917780e+02 1.062192029861151013e+03 1.473902407003807184e+03
9.161402457138520958e+02 1.055036518761771731e+03 1.481789948296900775e+03
9.310413487069075700e+02 1.057134345757189521e+03 1.477469714124122447e+03
9.461848194721992513e+02 1.065963258616115581e+03 1.483843855872979930e+03
9.615746001432095227e+02 1.058601199283158394e+03 1.478167434420581685e+03
9.772146969725724830e+02 1.061786824132050242e+03 1.497498542747292504e+03
9.931091813749800394e+02 1.066703247834309423e+03 1.486578530033376410e+03
1.009262190987047347e+03 1.055592209039624095e+03 1.481710229316632422e+03
1.025677930744421928e+03 1.058568642138885707e+03 1.473806431909570165e+03
1.042360673976401131e+03 1.060281216351540706e+03 1.476030557516150338e+03
1.059314763518370000e+03 1.057347753888668421e+03 1.491743531260498230e+03
1.076544612842315928e+03 1.064811572403616310e+03 1.484759320404688651e+03
1.094054707205742488e+03 1.064116160728884552e+03 1.478608121384238075e+03
1.111849604819271008e+03 1.054950330569084599e+03 1.477454409284761141e+03
1.129933938033221693e+03 1.068252765600552038e+03 1.484911542035910998e+03
1.148312414543511068e+03 1.068344723303197952e+03 1.489346435532429268e+03
1.166989818617147421e+03 1.060375286420029852e+03 1.487445050148502105e+03
1.185971012337669436e+03 1.062488027638031099e+03 1.495494604221218196e+03
1.205260936870842670e+03 1.055610001895194500e+03 1.503641639102591171e+03
1.224864613750930630e+03 1.073114285670036679e+03 1.490043124702526711e+03
1.244787146187906046e+03 1.067543635062761723e+03 1.487052917381872248e+03
1.265033720395903856e+03 1.061773512335847272e+03 1.488006484217221669e+03
1.285609606943295148e+03 1.073838670197250167e+03 1.498300918117488436e+03
1.306520162124721310e+03 1.064980616205567458e+03 1.504615124268083946e+03
1.327770829355428987e+03 1.068462266870239091e+03 1.491520520514859982e+03
1.349367140588306484e+03 1.071583364653491799e+03 1.486567502348770859e+03
1.371314717753945615e+03 1.071913295797065530e+03 1.500109283144017127e+03
1.393619274224142146e+03 1.067475222289997191e+03 1.497637894027816628e+03
1.416286616299198840e+03 1.072017118513658033e+03 1.483959174146671785e+03
1.439322644719406526e+03 1.068382539535148680e+03 1.494333564138976726e+03
1.462733356201129936e+03 1.074026199993670616e+03 1.511971209870932398e+03
1.486524844997857144e+03 1.083845303763796892e+03 1.501072206358417361e+03
1.510703304486654133e+03 1.070712808799644108e+03 1.507822671029229696e+03
1.535275028780422645e+03 1.077674854059576319e+03 1.500714663454982428e+03
1.560246414366369663e+03 1.074775285378122589e+03 1.500191601516987930e+03
1.585623961771137147e+03 1.084731326972863144e+03 1.491206152013935480e+03
1.611414277253019918e+03 1.074905817350093002e+03 1.519362240492656156e+03
1.637624074521687362e+03 1.071596854710474190e+03 1.504202057282631813e+03
1.664260176485903685e+03 1.073309348498063855e+03 1.512617845608856669e+03
1.691329517029648741e+03 1.079279998795447909e+03 1.505358738541346838e+03
1.718839142817145557e+03 1.089230561697892654e+03 1.511534980332259011e+03
1.746796215127245659e+03 1.090327050015260511e+03 1.498094711642104812e+03
1.775208011717634236e+03 1.075388251814448267e+03 1.508058278255264440e+03
1.804081928719382859e+03 1.085591568878234966e+03 1.517100837145639161e+03
1.833425482562290654e+03 1.086547900311442618e+03 1.508002651757254398e+03
1.863246311931559831e+03 1.068091395154300471e+03 1.523055263774719151e+03
1.893552179756295118e+03 1.067991645369311072e+03 1.503787617043653427e+03
1.924350975230330278e+03 1.082308441468319643e+03 1.516419673578273205e+03
1.955650715865948996e+03 1.098927634327315445e+03 1.527172218653241544e+03
1.987459549580983776e+03 1.072979866187390371e+03 1.501430946784028265e+03
2.019785756819878316e+03 1.088571128500989516e+03 1.528094762408758925e+03
2.052637752709252254e+03 1.086211744686633438e+03 1.520812666091474512e+03
2.086024089248502605e+03 1.080006557093970514e+03 1.524509918113310960e+03
2.119953457536071255e+03 1.093287943674275994e+03 1.525819686225093619e+03
2.154434690031884656e+03 1.082954480203276717e+03 1.524024568924393634e+03
2.189476762856620553e+03 1.100037400003767061e+03 1.514215283226160182e+03
2.225088798128369490e+03 1.091164271550469266e+03 1.522620549839359683e+03
2.261280066337277276e+03 1.090983714647989473e+03 1.514889346467876749e+03
2.298059988758850977e+03 1.091934087180720780e+03 1.533469259261400111e+03
2.335438139906479137e+03 1.077438307160899058e+03 1.515491639652119375e+03
2.373424250023866080e+03 1.088780054048012062e+03 1.532507858930375505e+03
2.412028207618006945e+03 1.090447818477828605e+03 1.531647453895038325e+03
2.451260062033337363e+03 1.085334562594853196e+03 1.530359959439853355e+03
2.491130026067788549e+03 1.089064644762828493e+03 1.526216314447463446e+03
2.531648478631355374e+03 1.092994877907785167e+03 1.514418319897356241e+03
2.572825967447932271e+03 1.088857012005590832e+03 1.520000479601447978e+03
2.614673211801092293e+03 1.094912288865094069e+03 1.533861107684224407e+03
2.657201105324504169e+03 1.076415433957183268e+03 1.532716871622889130e+03
2.700420718837772711e+03 1.081490151885769819e+03 1.533466982239975096e+03
2.744343303228365585e+03 1.088296269028754523e+03 1.531126558763424555e+03
2.788980292380439550e+03 1.093506689251238868e+03 1.535554866799957381e+03
2.834343306151309207e+03 1.102179438121552039e+03 1.538670809108646836e+03
2.880444153396297679e+03 1.097750347421204197e+03 1.529255014887597326e+03
2.927294835042815976e+03 1.098311432690519723e+03 1.519045745174328204e+03
2.974907547214440456e+03 1.092333413116018392e+03 1.539806828011498965e+03
3.023294684405776479e+03 1.089402095943465611e+03 1.539649282214687673e+03
3.072468842709003638e+03 1.096232163130611070e+03 1.537672335593591242e+03
3.122442823092857907e+03 1.099146330331101808e+03 1.532729544688654869e+03
3.173229634734976116e+03 1.104567723561546927e+03 1.531779794184932143e+03
3.224842498408442225e+03 1.100999866690244517e+03 1.545288278918543256e+03
3.277294849923382117e+03 1.103271509238384851e+03 1.539787803390982162e+03
3.330600343624588731e+03 1.107568975932948888e+03 1.556587579208780426e+03
3.384772855945982883e+03 1.108762486357141825e+03 1.541238669695417457e+03
3.439826489022924761e+03 1.113056221330071139e+03 1.528888036276756793e+03
3.495775574363275155e+03 1.104914324497178541e+03 1.532522843144580293e+03
3.552634676578139533e+03 1.105151483361385999e+03 1.549701940072177877e+03
3.610418597173337275e+03 1.101517243988020709e+03 1.530606394727821680e+03
3.669142378402494160e+03 1.106655127830748597e+03 1.544159180506573421e+03
3.728821307182833607e+03 1.103583414428263495e+03 1.538199437997432369e+03
3.789470919074667563e+03 1.095968977039038236e+03 1.548845931090218983e+03
3.851107002325568828e+03 1.102470159423079394e+03 1.543962958479293320e+03
3.913745601980383981e+03 1.109729270465777745e+03 1.545734627398110206e+03
3.977403024058036863e+03 1.102744261142541063e+03 1.544978515835221287e+03
4.042095839796305881e+03 1.104097427169578850e+03 1.544081782371357804e+03
4.107840889965646966e+03 1.112283500111730746e+03 1.542720881750703711e+03
4.174655289253134470e+03 1.109646948112603923e+03 1.550364698813300492e+03
4.242556430717777403e+03 1.101352014923077604e+03 1.535135142175081228e+03
4.311561990318228709e+03 1.109134068657690705e+03 1.560493662751157444e+03
4.381689931514189993e+03 1.107580335246228969e+03 1.555967569687971263e+03
4.452958509942655837e+03 1.112265320072483973e+03 1.560246866172943555e+03
4.525386278170166406e+03 1.108839905275046249e+03 1.543094117202785583e+03
4.598992090522438048e+03 1.110234189200787341e+03 1.572069676167211128e+03
4.673795107992463272e+03 1.115247372062570093e+03 1.555098072276509811e+03
4.749814803228499841e+03 1.118455143573692567e+03 1.555022639444142442e+03
4.827070965603183140e+03 1.108307551798028499e+03 1.555390596134679527e+03
4.905583706365045146e+03 1.114470183353378388e+03 1.542244925062703032e+03
4.985373463873893343e+03 1.108693592347357935e+03 1.546542788812706931e+03
5.066461008921268331e+03 1.117278331873425486e+03 1.558130284041094910e+03
5.148867450137492597e+03 1.108589081694653714e+03 1.558810706487201060e+03
5.232614239486661972e+03 1.120425915554225185e+03 1.573591531929626399e+03
5.317723177850972206e+03 1.123567152313370116e+03 1.568034002869285132e+03
5.404216420705914970e+03 1.115747100196911788e+03 1.546157890774925590e+03
5.492116483887789400e+03 1.102041875577616338e+03 1.550644718629090676e+03
5.581446249454960707e+03 1.109483033608291407e+03 1.566945193163545355e+03
5.672228971644543890e+03 1.108706214148967319e+03 1.555633800724813682e+03
5.764488282925879503e+03 1.118552042030994926e+03 1.563975392412409747e+03
5.858248200152535901e+03 1.112558675314666516e+03 1.561542759049238612e+03
5.953533130814370452e+03 1.126691895722827667e+03 1.560471588782063691e+03
6.050367879391218594e+03 1.114188886621352594e+03 1.569373112476273263e+03
6.148777653810023367e+03 1.127015246698247211e+03 1.574485770527542400e+03
6.248788072006894254e+03 1.128323070366963293e+03 1.562643804100505349e+03
6.350425168595961622e+03 1.120667812557328716e+03 1.576027997270244214e+03
6.453715401646702048e+03 1.116430880178266762e+03 1.554032160080357926e+03
6.558685659571428914e+03 1.128052605709688805e+03 1.572199813434797989e+03
6.665363268124913702e+03 1.120348667565127016e+03 1.576322187433891486e+03
6.773775997517751421e+03 1.119037278464553538e+03 1.571963037716508779e+03
6.883952069645496522e+03 1.124362216362604158e+03 1.580407561501028795e+03
6.995920165435374656e+03 1.130501379498572760e+03 1.574699128401477083e+03
7.109709432312431090e+03 1.117268287774783403e+03 1.574798248311630687e+03
7.225349491787213992e+03 1.130858335462487048e+03 1.581727519992467023e+03
7.342870447166765189e+03 1.124085158923983727e+03 1.579962548234244650e+03
7.462302891391107551e+03 1.125454530016319040e+03 1.567947093761295037e+03
7.583677914997190783e+03 1.121100901066362439e+03 1.555115903593178700e+03
7.707027114212295601e+03 1.134670995267345688e+03 1.578688463003031075e+03
7.832382599179196404e+03 1.133280197537667391e+03 1.574764721787865255e+03
7.959777002314986021e+03 1.125386793835251865e+03 1.585788747574511035e+03
8.089243486805938119e+03 1.130934598683629702e+03 1.580145174150938828e+03
8.220815755240540966e+03 1.125476276021684953e+03 1.582798889603834596e+03
8.354528058382862582e+03 1.129417905564900593e+03 1.585602711795310825e+03
8.490415204088747487e+03 1.134484647308198646e+03 1.584656586855816158e+03
8.628512566366895044e+03 1.121078128336877626e+03 1.591572877932439269e+03
8.768856094587426924e+03 1.123475262944007000e+03 1.581739650340974322e+03
8.911482322840201959e+03 1.116846329941095519e+03 1.590007191892505034e+03
9.056428379445294922e+03 1.128635130348825214e+03 1.579978583526665261e+03
9.203731996618220364e+03 1.125931295091562333e+03 1.576200407792600572e+03
9.353431520292386267e+03 1.126584051303847673e+03 1.573528558384162352e+03
9.505565920101191296e+03 1.135098096808377022e+03 1.576299984997134516e+03
9.660174799522645117e+03 1.134848349551080901e+03 1.583657482047373151e+03
9.817298406188840090e+03 1.140762190900728683e+03 1.592973657599429089e+03
9.976977642363201085e+03 1.135146339921946947e+03 1.588284474205523566e+03
1.013925407558814368e+04 1.128727800814570173e+03 1.586375154773402301e+03
1.030416994950587468e+04 1.132441303722870771e+03 1.576113863311959904e+03
1.047176819485520355e+04 1.127974785198469363e+03 1.582915594296036716e+03
1.064209244064724589e+04 1.131216239292921728e+03 1.580850993072012216e+03
1.081518702552289142e+04 1.138154091723721422e+03 1.567787235841841948e+03
1.099109700929496103e+04 1.127132325781123654e+03 1.596163104783834569e+03
1.116986818467822559e+04 1.134539449610891097e+03 1.586749524388543023e+03
1.135154708920999110e+04 1.132191320418092346e+03 1.596616222801730146e+03
1.153618101736478457e+04 1.139438568274020326e+03 1.586080635340722438e+03
1.172381803286599825e+04 1.142295870110214764e+03 1.596645842485760340e+03
1.191450698119774825e+04 1.150604211067783126e+03 1.587122616138062313e+03
1.210829750232039441e+04 1.138721534004696878e+03 1.616854919666476462e+03
1.230524004359261562e+04 1.142411381754579224e+03 1.590883983221110157e+03
1.250538587290391297e+04 1.137217215594119352e+03 1.597171229398841206e+03
1.270878709202059508e+04 1.141998217174684441e+03 1.598634970028291491e+03
1.291549665014882703e+04 1.138563218555159438e+03 1.598797161837449039e+03
1.312556835771842816e+04 1.142510545348700816e+03 1.595554595340060587e+03
1.333905690039058754e+04 1.140388113648734588e+03 1.586717365442377968e+03
1.355601785329368977e+04 1.148860972847512130e+03 1.583293809456159124e+03
1.377650769549054894e+04 1.131910436775421658e+03 1.588111681957330802e+03
1.400058382468096170e+04 1.138985611081205207e+03 1.604626493744848176e+03
1.422830457214351918e+04 1.135461341369346655e+03 1.588020728333403895e+03
1.445972921792019588e+04 1.141688607200660726e+03 1.599882108929351944e+03
1.469491800624817188e+04 1.139505605004763993e+03 1.598134383620052631e+03
1.493393216124253377e+04 1.148597339508685081e+03 1.609970920774292381e+03
1.517683390283403787e+04 1.151726020405385043e+03 1.614436015820723469e+03
1.542368646296627412e+04 1.144198650456660062e+03 1.613215942075117709e+03
1.567455410205595035e+04 1.129591340222175404e+03 1.602922368304501560e+03
1.592950212572123019e+04 1.143907479883215728e+03 1.610984126480724626e+03
1.618859690178199162e+04 1.154459331376841874e+03 1.598979212065231195e+03
1.645190587753660657e+04 1.143539173677019562e+03 1.606901827006597159e+03
1.671949759731991799e+04 1.160841185249725868e+03 1.618788131396399422e+03
1.699144172034625808e+04 1.148433409943536390e+03 1.605068210230680279e+03
1.726780903884355939e+04 1.147414108437225877e+03 1.609349290539236790e+03
1.754867149648152190e+04 1.153737494671620652e+03 1.615048915519450020e+03
1.783410220710006251e+04 1.157198990808612280e+03 1.610084078148393473e+03
1.812417547374239439e+04 1.143388842678247102e+03 1.609649908630335403e+03
1.841896680799710884e+04 1.159328210241328179e+03 1.604315812242491575e+03
1.871855294965579378e+04 1.157208302699736578e+03 1.608126086252247433e+03
1.902301188668945906e+04 1.159666952186126309e+03 1.610795827742834945e+03
1.933242287555043367e+04 1.150543749357905881e+03 1.595734013509356146e+03
1.964686646180448588e+04 1.154319622614455511e+03 1.610898293393145877e+03
1.996642450109793208e+04 1.155881478803510390e+03 1.613299575889516746e+03
2.029118018046678117e+04 1.150171599564473581e+03 1.610972511413106531e+03
2.062121803999144686e+04 1.154618970324712336e+03 1.599958180432090330e+03
2.095662399480430759e+04 1.157764564124053777e+03 1.606268658568270212e+03
2.129748535745523259e+04 1.156114147677130177e+03 1.617853419871496726e+03
2.164389086064020375e+04 1.157548257465196002e+03 1.618952481714629130e+03
2.199593068030074937e+04 1.162546545742565513e+03 1.614032605559240437e+03
2.235369645909796600e+04 1.159036942973025589e+03 1.608041061204783773e+03
2.271728133026902651e+04 1.165039705222555995e+03 1.604028547545708989e+03
2.308677994187172226e+04 1.155525807360901808e+03 1.629959880150792515e+03
2.346228848142262359e+04 1.157630659490617063e+03 1.612540513865429375e+03
2.384390470093720432e+04 1.161006655649388222e+03 1.621631175194449497e+03
2.423172794237600829e+04 1.161260084071416941e+03 1.607614139266629763e+03
2.462585916350543994e+04 1.162713508939332769e+03 1.632854353373673575e+03
2.502640096417921814e+04 1.164091397206244210e+03 1.630435075766536556e+03
2.543345761304648113e+04 1.159048257659021147e+03 1.636636458090566521e+03
2.584713507469563774e+04 1.169408102544696249e+03 1.626173585667876750e+03
2.626754103723838489e+04 1.167791598210538041e+03 1.611457630594488819e+03
2.669478494034317919e+04 1.157960064964268895e+03 1.615291889841664215e+03
2.712897800372470010e+04 1.167357927744689277e+03 1.624623353221880734e+03
2.757023325609582753e+04 1.157500921942822288e+03 1.617986613528379166e+03
2.801866556459195272e+04 1.160804806801997756e+03 1.615584649623691121e+03
2.847439166467247924e+04 1.162589494289706636e+03 1.627496660932054056e+03
2.893753019050947478e+04 1.165547161024131583e+03 1.627952575271822298e+03
2.940820170587066605e+04 1.161363180930266026e+03 1.629202963209345853e+03
2.988652873550382719e+04 1.161474759846600818e+03 1.615373735826537768e+03
3.037263579703311552e+04 1.161782640041633613e+03 1.627296883412662964e+03
3.086664943337274599e+04 1.160500760658341051e+03 1.626691960320570161e+03
3.136869824566873285e+04 1.169187537484784571e+03 1.624399719093316662e+03
3.187891292677649108e+04 1.183114083807205589e+03 1.636292258002633616e+03
3.239742629528195539e+04 1.168015192244486116e+03 1.628690536810959884e+03
3.292437333007768757e+04 1.168584001489805814e+03 1.626028974976361042e+03
3.345989120549974905e+04 1.171275970796080856e+03 1.632953379150096907e+03
3.400411932703702769e+04 1.172207325561623065e+03 1.619867540228431153e+03
3.455719936762142606e+04 1.169585041124271129e+03 1.641255748412579806e+03
3.511927530450727500e+04 1.179924796519442907e+03 1.637626055863145211e+03
3.569049345675229415e+04 1.158818868546720068e+03 1.631626761455917858e+03
3.627100252330648073e+04 1.167980872967976211e+03 1.634724968914639248e+03
3.686095362172154273e+04 1.165364762514193671e+03 1.639300414819623938e+03
3.746050032748997182e+04 1.173806828045104567e+03 1.634323423749761560e+03
3.806979871402284334e+04 1.175758455922069970e+03 1.643795435629269832e+03
3.868900739327975316e+04 1.168321250906921705e+03 1.644929925075244455e+03
3.931828755705770163e+04 1.167026522647410729e+03 1.632309915979134303e+03
3.995780301895265438e+04 1.160206461657032605e+03 1.650530037028451261e+03
4.060772025700369704e+04 1.163990406267962499e+03 1.634376235746095972e+03
4.126820845702951920e+04 1.177712078590549481e+03 1.628631579787328747e+03
4.193943955667185946e+04 1.173977340431824132e+03 1.630928030487217256e+03
4.262158829015324591e+04 1.175873679125101717e+03 1.643518061280653683e+03
4.331483223376394017e+04 1.167475458927143563e+03 1.623523916936127989e+03
4.401935185208878829e+04 1.173794463268805885e+03 1.646452858194966893e+03
4.473533054498463025e+04 1.181325389632571842e+03 1.649739929581473689e+03
4.546295469532399147e+04 1.179911186029549299e+03 1.639298631540302267e+03
4.620241371751313272e+04 1.183036878224012753e+03 1.649267168998548868e+03
4.695390010680053092e+04 1.182116429389119730e+03 1.653319302545666005e+03
4.771760948938750516e+04 1.176884579241253050e+03 1.650295487520174675e+03
4.849374067335233121e+04 1.174288761771565078e+03 1.644506569689496700e+03
4.928249570040513208e+04 1.178944126981898989e+03 1.650584446269041564e+03
5.008407989848212310e+04 1.186986434305703369e+03 1.643458534809863977e+03
5.089870193519674649e+04 1.179579126641445782e+03 1.656133712492294308e+03
5.172657387216024654e+04 1.171364806540840164e+03 1.649501155060985866e+03
5.256791122018419264e+04 1.184324651556132721e+03 1.651090424249157650e+03
5.342293299538352585e+04 1.180917871731015339e+03 1.631944050958585876e+03
5.429186177618942747e+04 1.192943685190645965e+03 1.655544128620530728e+03
5.517492376129117474e+04 1.172377655025527929e+03 1.641661314101083690e+03
5.607234882852038572e+04 1.183875005611347433e+03 1.646234449087630082e+03
5.698437059469136148e+04 1.175532725743524452e+03 1.652221270310899399e+03
5.791122647641758522e+04 1.179023520315552560e+03 1.650898256155870968e+03
5.885315775191450666e+04 1.175702357877451959e+03 1.652640385799906198e+03
5.981040962380931887e+04 1.186518463147209559e+03 1.652046910583711451e+03
6.078323128297235962e+04 1.184685106150483989e+03 1.655551879354133462e+03
6.177187597338488558e+04 1.179027299555988293e+03 1.644329673379363840e+03
6.277660105806499632e+04 1.185774125354898842e+03 1.661420104501095011e+03
6.379766808606282575e+04 1.187867465377097915e+03 1.662702774241646466e+03
6.483534286054714175e+04 1.177779237080144412e+03 1.659916240545733217e+03
6.588989550799956487e+04 1.189369106990712908e+03 1.652707085712968819e+03
6.696160054853215115e+04 1.179544566982698598e+03 1.663127329586420728e+03
6.805073696735205885e+04 1.182627328310161147e+03 1.645708348417060961e+03
6.915758828738525335e+04 1.187800389028534028e+03 1.655545836346296937e+03
7.028244264308338461e+04 1.185807676818301843e+03 1.658080432631132908e+03
7.142559285543134320e+04 1.181064654247341423e+03 1.668631618014083415e+03
7.258733650817246235e+04 1.187647295518811461e+03 1.669827936431771604e+03
7.376797602527731215e+04 1.177846481467935746e+03 1.658007635155138587e+03
7.496781874966877513e+04 1.181810401298763509e+03 1.673080323516558110e+03
7.618717702322982950e+04 1.191865104659592816e+03 1.663416723510852080e+03
7.742636826811278297e+04 1.188564218724167631e+03 1.671468936307123158e+03
7.868571506936843798e+04 1.185551740280006470e+03 1.668258106209879543e+03
7.996554525892346282e+04 1.190135110483219705e+03 1.649976904875903301e+03
8.126619200091945822e+04 1.175537723880214344e+03 1.644588118808592299e+03
8.258799387844254670e+04 1.184404481753453183e+03 1.650753535223011795e+03
8.393129498166372650e+04 1.191793712081365584e+03 1.658888912045493271e+03
8.529644499741015898e+04 1.186423152961168853e+03 1.659928248937312674e+03
8.668379930019774474e+04 1.186597588629884513e+03 1.658937249236533262e+03
8.809371904473990435e+04 1.192083686310055555e+03 1.652058552298350833e+03
8.952657125996382092e+04 1.194097370174449907e+03 1.654948352229415377e+03
9.098272894455568166e+04 1.204168092780746065e+03 1.676410579527627533e+03
9.246257116405734268e+04 1.197310748666334348e+03 1.669934275926096916e+03
9.396648314954691159e+04 1.197552646296938974e+03 1.657086585618372737e+03
9.549485639791966241e+04 1.191675667064135268e+03 1.659154466540432168e+03
9.704808877380307240e+04 1.202380463991750503e+03 1.665657279870719321e+03
9.862658461312830332e+04 1.200166005212860682e+03 1.672227691880867951e+03
1.002307548283864307e+05 1.195169835280681809e+03 1.664852639270683767e+03
1.018610170155975211e+05 1.184536026045655944e+03 1.658025816046478667e+03
1.035177955630176293e+05 1.202876824880213007e+03 1.670701921519675352e+03
1.052015217616159061e+05 1.189970618952584346e+03 1.680626523603996020e+03
1.069126339173477172e+05 1.197400173372880772e+03 1.670681142235092011e+03
1.086515774652537220e+05 1.187237116566417853e+03 1.662524615650686428e+03
1.104188050854160247e+05 1.202615359059973571e+03 1.659761675579419716e+03
1.122147768207980262e+05 1.201669010310673002e+03 1.674903122787511393e+03
1.140399601970033109e+05 1.198265306055427573e+03 1.675551326847818018e+03
1.158948303439811862e+05 1.191967114536305189e+03 1.664835643507866962e+03
1.177798701197118062e+05 1.204112156244121479e+03 1.677419856098061473e+03
1.196955702359042771e+05 1.192713235802655390e+03 1.674551743804024454e+03
1.216424293857368029e+05 1.207231675377318879e+03 1.689445317208781262e+03
1.236209543736769119e+05 1.199366229671544716e+03 1.666059382781048271e+03
1.256316602474121464e+05 1.205760249319875584e+03 1.683580731786247952e+03
1.276750704319264478e+05 1.204727521747908213e+03 1.672163933832856173e+03
1.297517168657586881e+05 1.200718416862826871e+03 1.670257313469036490e+03
1.318621401394748536e+05 1.195323718340559708e+03 1.684576672404611372e+03
1.340068896363950626e+05 1.199330835142412525e+03 1.689120163652004521e+03
1.361865236756082741e+05 1.195808859934534894e+03 1.687131123076456106e+03
1.384016096573130053e+05 1.195176711844035026e+03 1.665040123337545992e+03
1.406527242105236510e+05 1.202408821167438646e+03 1.677541971311170983e+03
1.429404533431761083e+05 1.197960398039895153e+03 1.678068052776168997e+03
1.452653925946781237e+05 1.209684295688084603e+03 1.676364117181861047e+03
1.476281471909391112e+05 1.195611333765089284e+03 1.679501348610949890e+03
1.500293322019216721e+05 1.209211574816437178e+03 1.698773734636488825e+03
1.524695727017573081e+05 1.212557522819785390e+03 1.693725694467616449e+03
1.549495039314631722e+05 1.209558011209634969e+03 1.681226638538874113e+03
1.574697714643086656e+05 1.201079824891759245e+03 1.688532001783575197e+03
1.600310313738701807e+05 1.199369836657863971e+03 1.717535458169858430e+03
1.626339504048190720e+05 1.219920471447697082e+03 1.678580514853331579e+03
1.652792061464893923e+05 1.209695015067778741e+03 1.687501379370513860e+03
1.679674872092653241e+05 1.216577530904381092e+03 1.693453832930727913e+03
1.706994934038407810e+05 1.200130048616731074e+03 1.691360708297519068e+03
1.734759359233932628e+05 1.208739257063969944e+03 1.676093088056730949e+03
1.762975375287203933e+05 1.214493059478201076e+03 1.696257898875652927e+03
1.791650327363899560e+05 1.189527537404181658e+03 1.688196811497101862e+03
1.820791680099462392e+05 1.204592882613090069e+03 1.705736320028841874e+03
1.850407019542302005e+05 1.202399219321430110e+03 1.679461249144661906e+03
1.880504055128583568e+05 1.217236098672603021e+03 1.688190832984780627e+03
1.911090621689136024e+05 1.216382016187740192e+03 1.697041659176237317e+03
1.942174681489024370e+05 1.220612895678212453e+03 1.692014176327314544e+03
1.973764326300255489e+05 1.216251884240666413e+03 1.688077909797101256e+03
2.005867779508233943e+05 1.218475264163065503e+03 1.700505507592855565e+03
2.038493398252464249e+05 1.213205492942666297e+03 1.697509643997556623e+03
2.071649675602066854e+05 1.210010051143015517e+03 1.706374504874919921e+03
2.105345242766703886e+05 1.214142548911810309e+03 1.702334634705294320e+03
2.139588871343421633e+05 1.210938063052480857e+03 1.693924743452378152e+03
2.174389475600080041e+05 1.215873077046142953e+03 1.690745053297004915e+03
2.209756114795903268e+05 1.204820695259453487e+03 1.699439242687820069e+03
2.245697995539771800e+05 1.212731826682080282e+03 1.694722440081130571e+03
2.282224474186896114e+05 1.224901260168765020e+03 1.692585262157688703e+03
2.319345059274427476e+05 1.217009853983660150e+03 1.691191938421295617e+03
2.357069413996727671e+05 1.215700555417951364e+03 1.691353116421264076e+03
2.395407358720879420e+05 1.210618257425289130e+03 1.710009744840533585e+03
2.434368873543113004e+05 1.216232466392263404e+03 1.698160894383350751e+03
2.473964100886811502e+05 1.226315174273814137e+03 1.686132604691704728e+03
2.514203348142796603e+05 1.215784573210825783e+03 1.685896590679816427e+03
2.555097090352507075e+05 1.213055769397267113e+03 1.728964622159979399e+03
2.596655972934872552e+05 1.214153586088221346e+03 1.693444462952389586e+03
2.638890814457513043e+05 1.221950466315528729e+03 1.704375818410763259e+03
2.681812609453012701e+05 1.226949363708174587e+03 1.698454452969634303e+03
2.725432531281028059e+05 1.220642858622156155e+03 1.710452711415559861e+03
2.769761935036890791e+05 1.212990460020710771e+03 1.696425021049690713e+03
2.814812360507581034e+05 1.221229853403811831e+03 1.690363072276620642e+03
2.860595535175745026e+05 1.217754090518457815e+03 1.706124869915169711e+03
2.907123377272575162e+05 1.221337288325331883e+03 1.703016917021689096e+03
2.954407998880379600e+05 1.215685196842135383e+03 1.722427648009045697e+03
3.002461709085549228e+05 1.219501948151791566e+03 1.714435360659910430e+03
3.051297017182870768e+05 1.217627344127525930e+03 1.705664467652482699e+03
3.100926635931929923e+05 1.215678996212081302e+03 1.712574406748935417e+03
3.151363484866475919e+05 1.229956536620306906e+03 1.701931241592134484e+03
3.202620693657650263e+05 1.224690338601272288e+03 1.715919772432036325e+03
3.254711605531848036e+05 1.226834329154027728e+03 1.701678862456521529e+03
3.307649780744242598e+05 1.221912291434990721e+03 1.721097074371120016e+03
3.361449000108768814e+05 1.221446631426596468e+03 1.712077744603543579e+03
3.416123268585525220e+05 1.224107998185818587e+03 1.709908444979321303e+03
3.471686818926559645e+05 1.226783521701728660e+03 1.706839500928645975e+03
3.528154115380882868e+05 1.222628090748703698e+03 1.705011319051871851e+03
3.585539857459816849e+05 1.226855194226851836e+03 1.700843627487422737e+03
3.643858983763548313e+05 1.226830452883194766e+03 1.701817484483018688e+03
3.703126675869923201e+05 1.218628180902755503e+03 1.715030651292110178e+03
3.763358362286532647e+05 1.226404935427252440e+03 1.718832502386934493e+03
3.824569722466999083e+05 1.229457167248349833e+03 1.709225874286571297e+03
3.886776690892667975e+05 1.235012952079796833e+03 1.713731733969256993e+03
3.949995461220646976e+05 1.224330344986759428e+03 1.711449859510511487e+03
4.014242490499317646e+05 1.226329614041640980e+03 1.714393943939099017e+03
4.079534503452448989e+05 1.242854209438728958e+03 1.708281329989578353e+03
4.145888496832911042e+05 1.224151172529931955e+03 1.729316515733037477e+03
4.213321743847288890e+05 1.218855364161015359e+03 1.720458717963624622e+03
4.281851798652415746e+05 1.232008051167270878e+03 1.714212967958422496e+03
4.351496500925045111e+05 1.238906821365124415e+03 1.722172688889206938e+03
4.422273980505897198e+05 1.233528246363541484e+03 1.717601256967148856e+03
4.494202662119141896e+05 1.229593972657379709e+03 1.729687251382101067e+03
4.567301270168746705e+05 1.225912276535866113e+03 1.714699233893841665e+03
4.641588833612782182e+05 1.223988993538343493e+03 1.728140067225553139e+03
4.717084690917012631e+05 1.243832793835931625e+03 1.713791160856186480e+03
4.793808495089106727e+05 1.227551184639844450e+03 1.717806898240596865e+03
4.871780218794631073e+05 1.227422192981475519e+03 1.736002248004434705e+03
4.951020159556351136e+05 1.244823704084139763e+03 1.717946114195669679e+03
5.031548945038056700e+05 1.231362422886380045e+03 1.723773332378982104e+03
5.113387538414321025e+05 1.214416095652894001e+03 1.705366716414183884e+03
5.196557243827657658e+05 1.232113088991282893e+03 1.714881049768802313e+03
5.281079711934330408e+05 1.236833023133000552e+03 1.733697121889329992e+03
5.366976945540476590e+05 1.236441186158030177e+03 1.724548486341360103e+03
5.454271305329835741e+05 1.231687401200509839e+03 1.720152945333227990e+03
5.542985515684663551e+05 1.224603813590131040e+03 1.721782759645677288e+03
5.633142670601351419e+05 1.232849607074973164e+03 1.721130524163765358e+03
5.724766239702178864e+05 1.225671926112937399e+03 1.720355717934653967e+03
5.817880074344935128e+05 1.232369773133095805e+03 1.727715216983559003e+03
5.912508413831881480e+05 1.227195354478911440e+03 1.716954528208213105e+03
6.008675891719680512e+05 1.235246815011836134e+03 1.739450942192470166e+03
6.106407542232036358e+05 1.233059665961412975e+03 1.734509739399949012e+03
6.205728806776501006e+05 1.233894794568726866e+03 1.727840021261776201e+03
6.306665540567405988e+05 1.222127080142627165e+03 1.715619986513603862e+03
6.409244019356457284e+05 1.237394059750799215e+03 1.721370400948801034e+03
6.513490946272795554e+05 1.239056869562671181e+03 1.724953070252345242e+03
6.619433458774387836e+05 1.249261568042435783e+03 1.734000228282033504e+03
6.727099135712336283e+05 1.229751388077984757e+03 1.727221177857341218e+03
6.836516004510239000e+05 1.237015815395753634e+03 1.736682902012801151e+03
6.947712548460239777e+05 1.239826394596660748e+03 1.724551916917134349e+03
7.060717714137765579e+05 1.228430444179566848e+03 1.748408816967111534e+03
7.175560918936921516e+05 1.237053685749073338e+03 1.733891262504211227e+03
7.292272058728312841e+05 1.232422353549492755e+03 1.724238551850753083e+03
7.410881515641569858e+05 1.241515754972307604e+03 1.719216520947901699e+03
7.531420165974375559e+05 1.233271929402346586e+03 1.742527955261193256e+03
7.653919388230155455e+05 1.231431782055463827e+03 1.730196401717475510e+03
7.778411071286482038e+05 1.234471673556663291e+03 1.756163473941517623e+03
7.904927622696420876e+05 1.248554858821829839e+03 1.733661148215192270e+03
8.033501977124734549e+05 1.242807607775236647e+03 1.731101820938184346e+03
8.164167604921471793e+05 1.244120646912710299e+03 1.744500160697041110e+03
8.296958520834915107e+05 1.234848186062389004e+03 1.735482576113874757e+03
8.431909292866251199e+05 1.242160285917548663e+03 1.739710003903526967e+03
8.569055051268347306e+05 1.244386723398828281e+03 1.731213669531714686e+03
8.708431497690724209e+05 1.236191441337169636e+03 1.756989770461801072e+03
8.850074914473438403e+05 1.246761040847639379e+03 1.735822847556960596e+03
8.994022174092053901e+05 1.242089927043158696e+03 1.740921828987742401e+03
9.140310748756222893e+05 1.249515812344598999e+03 1.744999359026673119e+03
9.288978720164498081e+05 1.243974280020853939e+03 1.744492365282253331e+03
9.440064789417603752e+05 1.246099921743760433e+03 1.741352783496924303e+03
9.593608287093146937e+05 1.247717263119689733e+03 1.746812165311178660e+03
9.749649183484095847e+05 1.243477334249295836e+03 1.755586824581167321e+03
9.908228099003786920e+05 1.239926366851975445e+03 1.735323329361841843e+03
1.006938631476027076e+06 1.246100104573730050e+03 1.764841951971919343e+03
1.023316578330244869e+06 1.247801991294566506e+03 1.727634738747000483e+03
1.039960913954120362e+06 1.246406467376227283e+03 1.739038283768443534e+03
1.056875971184805036e+06 1.248237371587413463e+03 1.747113226888279087e+03
1.074066153333432274e+06 1.254300172170020232e+03 1.747318456054028502e+03
1.091535935331391171e+06 1.258745467051892092e+03 1.754262662617378965e+03
1.109289864895222709e+06 1.255618504366211710e+03 1.755435887428969636e+03
1.127332563710487215e+06 1.254201613316743078e+03 1.743774805898501882e+03
1.145668728634872707e+06 1.262373571685975548e+03 1.743543989474761474e+03
1.164303132920875680e+06 1.250192327626027918e+03 1.752388982065722530e+03
1.183240627458377974e+06 1.265146822469392418e+03 1.758137949605807307e+03
1.202486142037412152e+06 1.262929316250385682e+03 1.758232685677068275e+03
1.222044686631488614e+06 1.247425964042760825e+03 1.761190265304037212e+03
1.241921352701784577e+06 1.253802765466475421e+03 1.764127637848346694e+03
1.262121314522546018e+06 1.264447384523830351e+03 1.773241420413963624e+03
1.282649830528059974e+06 1.253729771647532516e+03 1.756825559506132549e+03
1.303512244681508979e+06 1.255740650693683847e+03 1.760706239778469353e+03
1.324713987866117386e+06 1.257431540317671534e+03 1.758094244287935680e+03
1.346260579298910918e+06 1.269100680262470632e+03 1.758168303046702704e+03
1.368157627967470558e+06 1.269590820488044983e+03 1.755143967644803070e+03
1.390410834090069635e+06 1.262033662812216335e+03 1.773717854813213307e+03
1.413025990599533543e+06 1.271137227135455078e+03 1.769626496749242506e+03
1.436008984651260544e+06 1.263693732915388864e+03 1.756072139959753940e+03
1.459365799155757762e+06 1.264580680556542802e+03 1.759202215540161887e+03
1.483102514336102875e+06 1.269263763675565770e+03 1.777359355991173288e+03
1.507225309310755460e+06 1.265018401510729973e+03 1.752089199210147626e+03
1.531740463702079840e+06 1.275168359069807138e+03 1.760662661277036705e+03
1.556654359271062072e+06 1.279878432377292484e+03 1.784070851092271141e+03
1.581973481578601524e+06 1.269073006198149869e+03 1.780990096966489546e+03
1.607704421673821984e+06 1.270992329760937082e+03 1.773112838173871296e+03
1.633853877809860278e+06 1.272090412679948940e+03 1.797713289226220468e+03
1.660428657187529607e+06 1.279701645783677122e+03 1.769588882688851982e+03
1.687435677727375645e+06 1.271411461964817136e+03 1.777903670488830130e+03
1.714881969870540779e+06 1.279912204094159051e+03 1.791622879635371874e+03
1.742774678408917272e+06 1.283718992156381773e+03 1.779745251972469077e+03
1.771121064345086925e+06 1.275276584529311549e+03 1.781220079249554601e+03
1.799928506782476557e+06 1.279504270758456641e+03 1.793859405603880987e+03
1.829204504846293712e+06 1.282239779323451330e+03 1.784369884580267126e+03
1.858956679635688197e+06 1.290584035380352361e+03 1.780344939643385942e+03
1.889192776207664283e+06 1.293853345776282367e+03 1.787309209934036744e+03
1.919920665593282785e+06 1.288033058871289086e+03 1.795796996490171296e+03
1.951148346846616361e+06 1.284324157663425694e+03 1.799996860938700365e+03
1.982883949127071304e+06 1.287614507015049639e+03 1.805432252153463878e+03
2.015135733815558488e+06 1.292937435821265353e+03 1.795728958891593265e+03
2.047912096665083431e+06 1.289780741966142614e+03 1.801466725451973389e+03
2.081221569986337097e+06 1.285616169271441322e+03 1.807669242699465485e+03
2.115072824868794531e+06 1.287274507092809699e+03 1.790921975315417512e+03
2.149474673437980469e+06 1.297179056297782836e+03 1.805724627276050114e+03
2.184436071149428375e+06 1.283341088582410066e+03 1.807147584659057657e+03
2.219966119119952433e+06 1.297871458903837720e+03 1.811754641167254704e+03
2.256074066496859305e+06 1.292973347288633477e+03 1.806614351130268687e+03
2.292769312865648884e+06 1.293385673766390482e+03 1.797744941238224328e+03
2.330061410696924664e+06 1.300354865699071070e+03 1.808284730365552377e+03
2.367960067833078559e+06 1.287468547817668650e+03 1.802019299186649732e+03
2.406475150015421677e+06 1.304971530536741966e+03 1.812613794033606382e+03
2.445616683452444151e+06 1.300988329243336693e+03 1.803050089630535922e+03
2.485394857429798692e+06 1.295650429671378561e+03 1.794828947769920660e+03
2.525820026962784585e+06 1.296922202183120817e+03 1.810162067519810080e+03
2.566902715491951909e+06 1.301467048831876809e+03 1.812096743618747951e+03
2.608653617622550577e+06 1.303220632389427919e+03 1.831271981511974445e+03
2.651083601908536162e+06 1.298943875885072885e+03 1.831512408361836378e+03
2.694203713681882247e+06 1.311521289535720825e+03 1.810917668508107454e+03
2.738025177927857731e+06 1.300696174538046535e+03 1.815536984331110034e+03
2.782559402207125910e+06 1.302205331095525253e+03 1.832403826860220761e+03
2.827817979625343811e+06 1.324156256081244010e+03 1.820741741297679937e+03
2.873812691851063631e+06 1.314384906026221188e+03 1.826430518317689121e+03
2.920555512182745151e+06 1.317613889439063541e+03 1.833671460663219250e+03
2.968058608665602282e+06 1.318217423962063322e+03 1.835259378166190572e+03
3.016334347259197384e+06 1.310996379239672024e+03 1.835465873865831099e+03
3.065395295056529809e+06 1.311592070160214689e+03 1.840313125545878393e+03
3.115254223555484787e+06 1.307077049257818999e+03 1.859896091484649332e+03
3.165924111983520444e+06 1.319899779481194173e+03 1.827884106662199201e+03
3.217418150676371530e+06 1.331713507417338406e+03 1.849688069750760405e+03
3.269749744511767756e+06 1.332926294710131515e+03 1.834948724090786754e+03
3.322932516398975160e+06 1.308142181957826779e+03 1.829676291133068389e+03
3.376980310825088061e+06 1.333302741788943194e+03 1.845530553577786350e+03
3.431907197459042538e+06 1.321739916614097183e+03 1.839231736650427820e+03
3.487727474814177491e+06 1.326803395120430196e+03 1.850547100000158480e+03
3.544455673970435746e+06 1.315986794349937099e+03 1.848662502950497810e+03
3.602106562357073650e+06 1.320207027027167214e+03 1.829422826465611479e+03
3.660695147596898489e+06 1.340469556775508636e+03 1.853001044283803594e+03
3.720236681413066108e+06 1.324848929640415690e+03 1.851850888175350292e+03
3.780746663599349093e+06 1.323660386676419193e+03 1.861705352756413276e+03
3.842240846055061091e+06 1.335052379116439852e+03 1.847979739674797202e+03
3.904735236885563936e+06 1.335657509423691181e+03 1.861193522540096410e+03
3.968246104569477960e+06 1.336450637344034703e+03 1.849595163654384123e+03
4.032789982193705160e+06 1.340476041968695426e+03 1.840299161091797714e+03
4.098383671757261269e+06 1.329790690474750591e+03 1.845279942330553013e+03
4.165044248545185197e+06 1.337687645568744529e+03 1.850103816057159065e+03
4.232789065573552623e+06 1.337369257178954513e+03 1.876323792335754433e+03
4.301635758106790483e+06 1.335878463376606987e+03 1.861728393072622339e+03
4.371602248248502612e+06 1.323695248531342486e+03 1.867224351453741065e+03
4.442706749606883153e+06 1.343426304420176166e+03 1.849418508465901823e+03
4.514967772036101669e+06 1.354130028572231595e+03 1.852699463229826279e+03
4.588404126454761252e+06 1.337376294883863920e+03 1.862931186524945815e+03
4.663034929742726497e+06 1.350295671965486690e+03 1.879187308619885243e+03
4.738879609717651270e+06 1.344267680892637827e+03 1.865120158884152715e+03
4.815957910192350857e+06 1.355049751716842138e+03 1.885322028668782423e+03
4.894289896114531904e+06 1.361482500766286194e+03 1.877866817850843972e+03
4.973895958790067583e+06 1.343023538503480268e+03 1.870908597014304405e+03
5.054796821191235445e+06 1.347093531773580025e+03 1.885749178547195470e+03
5.137013543351339176e+06 1.352144055161553524e+03 1.881933702552597879e+03
5.220567527846975252e+06 1.350389408774461117e+03 1.877299053233875838e+03
5.305480525369574316e+06 1.347736006815665178e+03 1.881176167519045521e+03
5.391774640387505293e+06 1.358760523809915867e+03 1.883847390809924264e+03
5.479472336900281720e+06 1.360159882171491063e+03 1.877161438923244987e+03
5.568596444286408834e+06 1.357763433754552125e+03 1.889575777070063850e+03
5.659170163246242329e+06 1.355266839790827362e+03 1.881781050293030148e+03
5.751217071841613390e+06 1.354427505226316498e+03 1.876594972014533369e+03
5.844761131633637473e+06 1.360749875607689773e+03 1.903076918318054368e+03
5.939826693920350634e+06 1.345628575218356445e+03 1.889094979311243151e+03
6.036438506075863726e+06 1.366927096123752790e+03 1.889616042876564961e+03
6.134621717992505990e+06 1.367234971975677809e+03 1.898624264396891704e+03
6.234401888627863489e+06 1.355182607095501226e+03 1.889461784547293291e+03
6.335804992658253759e+06 1.375923396462767187e+03 1.883312581520050571e+03
6.438857427240412682e+06 1.363424412085205404e+03 1.905725542079510888e+03
6.543586018883229233e+06 1.363869411810327620e+03 1.891023073328865848e+03
6.650018030431118794e+06 1.374607712328514481e+03 1.898667520637330881e+03
6.758181168161110021e+06 1.372514478831091310e+03 1.895927491743722157e+03
6.868103588995307684e+06 1.370730837674971099e+03 1.900749062035500174e+03
6.979813907830652781e+06 1.372368528664523183e+03 1.926677243905231990e+03
7.093341204987989739e+06 1.384378706501204533e+03 1.901507191137429118e+03
7.208715033782135695e+06 1.375526180474516877e+03 1.904415081036990159e+03
7.325965428215229884e+06 1.362635372294615763e+03 1.920853231698388299e+03
7.445122910795142874e+06 1.385053422749110723e+03 1.901880828306286503e+03
7.566218500481047668e+06 1.364719854995069909e+03 1.908935975611972481e+03
7.689283720758305863e+06 1.379335112925420162e+03 1.921034388940831377e+03
7.814350607844541781e+06 1.382118996916412698e+03 1.910432570379546405e+03
7.941451719029339962e+06 1.386318835330028833e+03 1.923406319208494097e+03
8.070620141149506904e+06 1.382596734943873344e+03 1.919179873487256145e+03
8.201889499202211387e+06 1.383527844606079270e+03 1.919067594183593656e+03
8.335293965098187327e+06 1.385758537324385998e+03 1.927630372324696737e+03
8.470868266557402909e+06 1.380723705758453889e+03 1.920112925844596930e+03
8.608647696149244905e+06 1.380984304432754243e+03 1.914548634262853966e+03
8.748668120479913428e+06 1.384836386473929451e+03 1.918728483776783378e+03
8.890965989529166371e+06 1.398857762246400398e+03 1.928748448849692522e+03
9.035578346138920635e+06 1.382340020272590436e+03 1.921659844626359700e+03
9.182542835656281561e+06 1.381860151805770101e+03 1.924129097006404436e+03
9.331897715733239427e+06 1.387033883232538528e+03 1.935011939865282102e+03
9.483681866285927594e+06 1.387900822417522932e+03 1.936544231915883302e+03
9.637934799615794793e+06 1.391112360247661627e+03 1.933347986265290956e+03
9.794696670695384964e+06 1.399320843250420239e+03 1.936080450514873291e+03
9.954008287621518597e+06 1.393126619476808855e+03 1.955288016892289988e+03
1.011591112223829702e+07 1.397834729945936260e+03 1.944829914965144326e+03
1.028044732093309797e+07 1.388193913498206030e+03 1.924620824965896190e+03
1.044765971560805291e+07 1.402190194128601661e+03 1.950615397919261795e+03
1.061759183482998982e+07 1.392069418527856669e+03 1.931921888319604932e+03
1.079028791516183689e+07 1.397152367098106424e+03 1.940460020459216821e+03
1.096579291267809831e+07 1.402517064038420813e+03 1.951025431794893620e+03
1.114415251466788165e+07 1.407786056606614011e+03 1.960501693366611789e+03
1.132541315152812563e+07 1.405486834182381017e+03 1.953799415639198514e+03
1.150962200885031186e+07 1.399761175084967363e+03 1.953515638476811091e+03
1.169682703970384598e+07 1.406843962901310533e+03 1.946509194800917612e+03
1.188707697711903229e+07 1.414156087821879055e+03 1.964987986154629652e+03
1.208042134677328914e+07 1.410428264706785285e+03 1.964605624867040660e+03
1.227691047988360375e+07 1.410254497733104017e+03 1.959372737500495759e+03
1.247659552630868554e+07 1.428785981568439183e+03 1.943223586128129455e+03
1.267952846786434017e+07 1.426032519969250643e+03 1.971953258756496098e+03
1.288576213185518049e+07 1.411996163846303944e+03 1.965065235174540703e+03
1.309535020482667722e+07 1.398586599257088437e+03 1.975355556568572183e+03
1.330834724654076062e+07 1.413875180100589432e+03 1.967357769035328602e+03
1.352480870417873934e+07 1.423155728649379398e+03 1.966189101884253432e+03
1.374479092677536607e+07 1.421166444203826359e+03 1.976512411918491125e+03
1.396835117988739721e+07 1.417172068688253376e+03 1.957289621644189765e+03
1.419554766050101630e+07 1.425754393574837650e+03 1.982031233736255899e+03
1.442643951218158752e+07 1.414525044129808521e+03 1.981209352373188949e+03
1.466108684046982974e+07 1.426351203394104459e+03 1.968668557574257420e+03
1.489955072852853686e+07 1.426465603606224931e+03 1.986506445323617754e+03
1.514189325304351933e+07 1.423464093376267328e+03 1.968748172097453789e+03
1.538817750038346462e+07 1.428336281149318211e+03 1.974818283270449001e+03
1.563846758302247711e+07 1.425105876219518677e+03 1.975642704537856844e+03
1.589282865622976422e+07 1.418752249277186593e+03 1.991114418628062595e+03
1.615132693503089622e+07 1.439670929340990142e+03 1.974021174696386879e+03
1.641402971144466475e+07 1.431794706767936304e+03 1.977546995690456015e+03
1.668100537200059183e+07 1.425142713068758212e+03 1.982711128132806152e+03
1.695232341554121301e+07 1.432183577886921057e+03 1.996677854697378507e+03
1.722805447131392360e+07 1.423531485567779100e+03 1.992659883251775227e+03
1.750827031735723466e+07 1.432761678550186616e+03 2.006642581919450095e+03
1.779304389918577299e+07 1.437584984609999083e+03 2.001957214249548088e+03
1.808244934877951816e+07 1.433612150506689431e+03 1.986800217258664361e+03
1.837656200388172269e+07 1.449495080077313105e+03 1.990631250327405951e+03
1.867545842761074007e+07 1.449719705191446337e+03 1.978790558495228652e+03
1.897921642839099467e+07 1.446677326467103512e+03 1.993623995175412347e+03
1.928791508020777628e+07 1.452406830570909051e+03 1.994967254352007330e+03
1.960163474319185689e+07 1.444828660162822189e+03 1.991537135703184958e+03
1.992045708453871310e+07 1.453866434997191618e+03 2.014936595189165473e+03
2.024446509976801649e+07 1.444600121695232019e+03 1.999287307458020223e+03
2.057374313432911411e+07 1.457797294991684794e+03 2.002528909357759403e+03
2.090837690555749834e+07 1.455539556871873856e+03 2.000830262575681672e+03
2.124845352498883009e+07 1.448356732909269567e+03 2.010609264870592142e+03
2.159406152103567496e+07 1.449593253926092530e+03 2.010194343928598073e+03
2.194529086203311384e+07 1.457268404519882097e+03 2.015558488915691669e+03
2.230223297965936363e+07 1.462092721438615627e+03 2.022501989216251332e+03
2.266498079273692891e+07 1.455353562997690915e+03 2.027046492088290961e+03
2.303362873142131418e+07 1.466560442867015126e+03 2.023446917717208407e+03
2.340827276178294420e+07 1.468520097979867842e+03 2.023962732541229570e+03
2.378901041078890860e+07 1.452524239601249747e+03 2.029741743040092160e+03
2.417594079169128463e+07 1.463345102787020096e+03 2.016209550548439665e+03
2.456916462982790172e+07 1.465190122352007847e+03 2.013114533265269756e+03
2.496878428884326667e+07 1.458130724297002644e+03 2.028375788044955243e+03
2.537490379733571783e+07 1.453946445786989898e+03 2.038723438747954788e+03
2.578762887593803555e+07 1.462307007354737380e+03 2.029121309919768237e+03
2.620706696483849734e+07 1.466092056660425214e+03 2.028408902887372960e+03
2.663332725174980611e+07 1.463575825234303920e+03 2.032771280259007426e+03
2.706652070033241436e+07 1.474030758844031425e+03 2.034077206111339819e+03
2.750676007908067480e+07 1.479074339023243510e+03 2.015295042498063822e+03
2.795415999067859352e+07 1.466389449650635697e+03 2.054021505339665509e+03
2.840883690183301270e+07 1.453669003017111663e+03 2.044271842105991027e+03
2.887090917359234765e+07 1.476070943743462294e+03 2.041178693166220228e+03
2.934049709215787053e+07 1.466514500655050369e+03 2.033049208739146479e+03
2.981772290019673482e+07 1.490332143290878321e+03 2.041125801185076398e+03
3.030271082866399363e+07 1.488536607925279895e+03 2.034781302128795460e+03
3.079558712914223224e+07 1.484796843401860315e+03 2.060099107912274121e+03
3.129648010670750588e+07 1.478947057554284129e+03 2.033618317110759563e+03
3.180552015332919732e+07 1.480819319914734024e+03 2.042453645815838399e+03
3.232283978181380779e+07 1.484263711720817128e+03 2.067239496371371388e+03
3.284857366030047089e+07 1.477202497722611952e+03 2.040503612331230897e+03
3.338285864731757715e+07 1.486324892373607099e+03 2.038543023443238553e+03
3.392583382740991563e+07 1.482311265194924317e+03 2.074969786659350120e+03
3.447764054734463990e+07 1.480181822233421371e+03 2.052907270752405111e+03
3.503842245290675759e+07 1.509285751234664758e+03 2.079583331952361732e+03
3.560832552629281580e+07 1.499879850901577129e+03 2.073841244828741310e+03
3.618749812411276996e+07 1.496211421145144186e+03 2.048377594627995677e+03
3.677609101601030678e+07 1.493305711683255595e+03 2.061472576528093214e+03
3.737425742391064018e+07 1.486618517672579628e+03 2.065911270098778459e+03
3.798215306190736592e+07 1.493441602836848233e+03 2.060907671182383638e+03
3.859993617679771036e+07 1.496069670484786002e+03 2.070431181332709002e+03
3.922776758927715570e+07 1.488778650575635766e+03 2.081381205383730958e+03
3.986581073580438644e+07 1.494673438773841326e+03 2.065665051842607681e+03
4.051423171114647388e+07 1.483417159572199807e+03 2.066671735368672216e+03
4.117319931161679327e+07 1.503585917568658488e+03 2.088760555545629813e+03
4.184288507901584357e+07 1.501929149971781271e+03 2.104825041897908704e+03
4.252346334528677911e+07 1.517148780462283639e+03 2.077274743588035108e+03
4.321511127789761871e+07 1.498457531730409755e+03 2.073413566077219457e+03
4.391800892596086115e+07 1.503794761062434418e+03 2.081138072439003736e+03
4.463233926710397005e+07 1.504979966953734447e+03 2.088799874175496825e+03
4.535828825510191172e+07 1.496594716009962440e+03 2.105843601588970159e+03
4.609604486828429252e+07 1.526236110242115274e+03 2.096022490811840271e+03
4.684580115873045474e+07 1.524401075560386971e+03 2.083037166898428040e+03
4.760775230226368457e+07 1.513876223926204148e+03 2.084109043376857244e+03
4.838209664925957471e+07 1.516377368404992694e+03 2.115134201203441080e+03
4.916903577628031373e+07 1.526469236438638745e+03 2.085870870741838189e+03
4.996877453854878992e+07 1.520707949911311516e+03 2.087041620582074302e+03
5.078152112327670306e+07 1.528096517687385358e+03 2.086523551366876291e+03
5.160748710385907441e+07 1.529084647917448137e+03 2.082273750308885155e+03
5.244688749495118856e+07 1.528430697604056832e+03 2.100137509834205048e+03
5.329994080844093114e+07 1.520839695845661026e+03 2.113380039523112828e+03
5.416686911033146828e+07 1.523479446090251940e+03 2.087373345286448966e+03
5.504789807854967564e+07 1.512570968908272334e+03 2.108153924655836363e+03
5.594325706169377267e+07 1.533499328588028220e+03 2.110819153163329247e+03
5.685317913873753697e+07 1.525734530234291014e+03 2.115006518781955947e+03
5.777790117970506847e+07 1.506513521873962873e+03 2.102526376239115507e+03
5.871766390733249485e+07 1.529299074620484134e+03 2.125551154342627342e+03
5.967271195973310620e+07 1.520738657507150492e+03 2.100485609073408341e+03
6.064329395408061892e+07 1.530300130884478449e+03 2.111426510866997432e+03
6.162966255132941902e+07 1.519528107631196917e+03 2.105971205782482684e+03
6.263207452198692411e+07 1.542692498581376867e+03 2.134834432048247891e+03
6.365079081295564771e+07 1.530651724660689752e+03 2.122890039608929328e+03
6.468607661546320468e+07 1.543503503561710886e+03 2.117688100940494223e+03
6.573820143409585208e+07 1.540014515195826107e+03 2.131429961875502158e+03
6.680743915695614368e+07 1.533225364471500825e+03 2.124277673767169290e+03
6.789406812696112692e+07 1.553867310804740328e+03 2.101539958710882274e+03
6.899837121430011094e+07 1.545641399418747369e+03 2.119792181088846519e+03
7.012063589007176459e+07 1.543523318696148863e+03 2.128943979019127710e+03
7.126115430111745000e+07 1.561202698978604758e+03 2.123930280950077304e+03
7.242022334607315063e+07 1.540485716787720548e+03 2.134172646647893998e+03
7.359814475265771151e+07 1.535879053010061625e+03 2.143975783767292796e+03
7.479522515621814132e+07 1.546142027080783919e+03 2.136148057569544562e+03
7.601177617955322564e+07 1.546572956159323894e+03 2.131109037775969227e+03
7.724811451403400302e+07 1.535886308780855188e+03 2.126323747999780608e+03
7.850456200204509497e+07 1.556335888396164592e+03 2.132910713733873763e+03
7.978144572076629102e+07 1.555366876317905508e+03 2.141957894720865170e+03
8.107909806731678545e+07 1.554978207165520189e+03 2.153597309227904589e+03
8.239785684528511763e+07 1.547659329432814275e+03 2.143795528488983109e+03
8.373806535266488791e+07 1.560398757065669770e+03 2.150119392600232004e+03
8.510007247122246027e+07 1.552550057534390589e+03 2.141318468046149064e+03
8.648423275731725991e+07 1.566009749954024755e+03 2.141417192559078103e+03
8.789090653419964015e+07 1.574572868273839731e+03 2.156037572854733298e+03
8.932045998580959439e+07 1.566119550080042472e+03 2.147977071172315846e+03
9.077326525210224092e+07 1.563588827909641623e+03 2.154493518342945663e+03
9.224970052592174709e+07 1.562045066740644188e+03 2.157819328056130871e+03
9.375015015145289898e+07 1.558423073985483370e+03 2.172185805397125478e+03
9.527500472427299619e+07 1.564606105964840481e+03 2.158982772646772446e+03
9.682466119303114712e+07 1.566735704982282414e+03 2.167373971345151858e+03
9.839952296278226376e+07 1.559992402020957115e+03 2.156474754822802879e+03
1.000000000000000000e+08 1.558615070293846429e+03 2.159800433434156275e+03
