#Charm hadron energy (GeV), Meson(D)-ice, Baryon(Lambda)-ice cross-section(mb)
1.000000000000000000e+02 5.350062580180460259e+01 7.482339001165870229e+01
1.028073223830864720e+02 5.356956135915621786e+01 7.491979995109565493e+01
1.056934553557988323e+02 5.363845914646453394e+01 7.501615706717517185e+01
1.086606113854596884e+02 5.370731846964839207e+01 7.511246038918883983e+01
1.117110650504824179e+02 5.377613864339152627e+01 7.520870895868650052e+01
1.148471547840289020e+02 5.384491899092065381e+01 7.530490182916568642e+01
1.180712846666190359e+02 5.391365884377021445e+01 7.540103806574283851e+01
1.213859262690627645e+02 5.398235754159764355e+01 7.549711674489466873e+01
1.247936205471311411e+02 5.405101443194966038e+01 7.559313695413162293e+01
1.282969797894147632e+02 5.411962887008491663e+01 7.568909779174956043e+01
1.318986896198670422e+02 5.418820021875976778e+01 7.578499836653031707e+01
1.356015110565633393e+02 5.425538594489296429e+01 7.587896107657979883e+01
1.394082826282578651e+02 5.432177753106125095e+01 7.597181314084843962e+01
1.433219225503573853e+02 5.438811119022250296e+01 7.606458419120419023e+01
1.473454309619835954e+02 5.445440175864521137e+01 7.615729497693520500e+01
1.514818922258345708e+02 5.452064863152492791e+01 7.624994465219124606e+01
1.557344772926135192e+02 5.458685121040215193e+01 7.634253237999575958e+01
1.601064461318317740e+02 5.465300890300821379e+01 7.643505733203039654e+01
1.646011502308549836e+02 5.471912112310297971e+01 7.652751868840802274e+01
1.692220351641037155e+02 5.478518729032513335e+01 7.661991563746336453e+01
1.739726432343800866e+02 5.486399104956280581e+01 7.673012676721107539e+01
1.788566161883461803e+02 5.494348971426776274e+01 7.684130975816636067e+01
1.838776980082326986e+02 5.502292341959489619e+01 7.695240190007477565e+01
1.890397377819221560e+02 5.510229159155008460e+01 7.706340239017588090e+01
1.943466926536020196e+02 5.518159366151828493e+01 7.717431043323212236e+01
1.998026308572550818e+02 5.526082906610758272e+01 7.728512524131080852e+01
2.054117348353064187e+02 5.533999724699665279e+01 7.739584603357072012e+01
2.111783044448244482e+02 5.541909765079814321e+01 7.750647203607101687e+01
2.171067602537264918e+02 5.549652859524626791e+01 7.761476321339061712e+01
2.232016469295234629e+02 5.557382239643205679e+01 7.772286258877049647e+01
2.294676367231936069e+02 5.565104629392221369e+01 7.783086420021953700e+01
2.359095330508636152e+02 5.572819976375828332e+01 7.793876731495474530e+01
2.425322741760352869e+02 5.580528228616612552e+01 7.804657120604510112e+01
2.493409369951880308e+02 5.588229334542629800e+01 7.815427515223036892e+01
2.563407409296514743e+02 5.595923242977397649e+01 7.826187843778093622e+01
2.635370519267393092e+02 5.603609903126269387e+01 7.836938035230745925e+01
2.709353865732051645e+02 5.611289264567119517e+01 7.847678019063044985e+01
2.785414163241769074e+02 5.618961277238359031e+01 7.858407725261268695e+01
2.863609718508116089e+02 5.626625891429026893e+01 7.869127084302073172e+01
2.944000475100033896e+02 5.634283057767840575e+01 7.879836027137166354e+01
3.026648059395691917e+02 5.642756676379025293e+01 7.891686820668134317e+01
3.111615827824359712e+02 5.651785545243254205e+01 7.904314160372437925e+01
3.198968915434537621e+02 5.660804764669470046e+01 7.916928004839013511e+01
3.288774285825510333e+02 5.669814286372014323e+01 7.929528286537873782e+01
3.381100782480685325e+02 5.678940760661501486e+01 7.942292132473498611e+01
3.476019181541977332e+02 5.688370717311945413e+01 7.955480414174407144e+01
3.573602246065788108e+02 5.697791139409802241e+01 7.968655361310796081e+01
3.673924781802074335e+02 5.707203586304632381e+01 7.981819154713602416e+01
3.777063694539368726e+02 5.716604824087659864e+01 7.994967271594283886e+01
3.883098049059605046e+02 5.725996375213973266e+01 8.008101841184964087e+01
3.992109129748053533e+02 5.735378189188096343e+01 8.021222792865100359e+01
4.104180502904709442e+02 5.744750215726494247e+01 8.034330056310578527e+01
4.219398080805024165e+02 5.754112404750036802e+01 8.047423561483144283e+01
4.337850187558988750e+02 5.763464706376426960e+01 8.060503238619826050e+01
4.459627626819095667e+02 5.772807070911849792e+01 8.073569018221257920e+01
4.584823751389096174e+02 5.782139448843374652e+01 8.086620831041045676e+01
4.713534534786907102e+02 5.791461790833321999e+01 8.099658608077895394e+01
4.845858644816495939e+02 5.800774047710097392e+01 8.112682280562792414e+01
4.981897519205165281e+02 5.810076170462939871e+01 8.125691779951652904e+01
5.121755443364240818e+02 5.819368110234996294e+01 8.138687037915646272e+01
5.265539630332755223e+02 5.829050606606560336e+01 8.152228509467394701e+01
5.413360302965380697e+02 5.839675583046392404e+01 8.167088088100499021e+01
5.565330778427645555e+02 5.850184743551017874e+01 8.181785692163036572e+01
5.721567555063252257e+02 5.860681532114938364e+01 8.196465993427131025e+01
5.882190401699955373e+02 5.871165899369884045e+01 8.211128922848710943e+01
6.047322449462649274e+02 5.881637795975196781e+01 8.225774411422315779e+01
6.217090286163827386e+02 5.892097172613956246e+01 8.240402390175685809e+01
6.391624053344005461e+02 5.902543979987313350e+01 8.255012790161829628e+01
6.571057546036270196e+02 5.912978168810099078e+01 8.269605542452892166e+01
6.755528315331639533e+02 5.923399689806691271e+01 8.284180578134369455e+01
6.945177773823696725e+02 5.933808493706735732e+01 8.298737828299127273e+01
7.140151304013403433e+02 5.944204531239429912e+01 8.313277224039397595e+01
7.340598369757211685e+02 5.954587753132010874e+01 8.327798696444678228e+01
7.546672630843886509e+02 5.964958110103665234e+01 8.342302176593206298e+01
7.758532060787836144e+02 5.975315552863455082e+01 8.356787595549053549e+01
7.976339067929280873e+02 5.985660032105051442e+01 8.371254884354775072e+01
8.200260619934131228e+02 5.995991498504940864e+01 8.385703974028884033e+01
8.430468371788966806e+02 6.006309902717891447e+01 8.400134795559527845e+01
8.667138797389233105e+02 6.016396288284249039e+01 8.414241127022550870e+01
8.910453324821512524e+02 6.026455725174174205e+01 8.428309769368921422e+01
9.160598475443709958e+02 6.036502376861896124e+01 8.442360530949291331e+01
9.417766006869518378e+02 6.048160759467298675e+01 8.458665381509744918e+01
9.682153059967085937e+02 6.059884124967084063e+01 8.475061114006204832e+01
9.953962309984233343e+02 6.071589441701615897e+01 8.491431604371727815e+01
1.023340212191642308e+03 6.083278279489240958e+01 8.507779048078394624e+01
1.052068671023622755e+03 6.094950588618075216e+01 8.524103375601569610e+01
1.081603630310709377e+03 6.106606319168137276e+01 8.540404517125574557e+01
1.111967731120699000e+03 6.118245421010539076e+01 8.556682402542571708e+01
1.143184250129150314e+03 6.129867843806528072e+01 8.572936961451216575e+01
1.175277117462945171e+03 6.141473537006774563e+01 8.589168123155654655e+01
1.208270935044776024e+03 6.153062449850445859e+01 8.605375816664236766e+01
1.242190995452617472e+03 6.164634531363996217e+01 8.621559970687833641e+01
1.277063301308644668e+03 6.176189730361273433e+01 8.637720513639958142e+01
1.312914585212465227e+03 6.187727995442437390e+01 8.653857373635277384e+01
1.349772330233941830e+03 6.194011836607737820e+01 8.662645650243938178e+01
1.387664790981308442e+03 6.205478907766595853e+01 8.678682941859726441e+01
1.426621015260738432e+03 6.216939459429588055e+01 8.694711115623626085e+01
1.466670866343968555e+03 6.228393526934289071e+01 8.710730220957067615e+01
1.507845045861050949e+03 6.239841145423523727e+01 8.726740307009104924e+01
1.550175117335770437e+03 6.251282349844253616e+01 8.742741422654866312e+01
1.593693530381776100e+03 6.262717174948437560e+01 8.758733616496768093e+01
1.638433645577984635e+03 6.275398290469808416e+01 8.776468811893424515e+01
1.684429760042315138e+03 6.288751377285820610e+01 8.795143793872053095e+01
1.731717133723352845e+03 6.302093740991679738e+01 8.813803779026977736e+01
1.780332016430113754e+03 6.315425439842579181e+01 8.832448848831099042e+01
1.830311675620612959e+03 6.328746531731170677e+01 8.851079084250282847e+01
1.881694424970555474e+03 6.342057074188966226e+01 8.869694565745318471e+01
1.934519653744044263e+03 6.355357124388201129e+01 8.888295373274536360e+01
1.988827856988809799e+03 6.368646739142787538e+01 8.906881586295124009e+01
2.044660666579117787e+03 6.381925974910209476e+01 8.925453283765794765e+01
2.102060883130158345e+03 6.395194887791396354e+01 8.944010544146591712e+01
2.161072508808376369e+03 6.408321118940838801e+01 8.962368256751979345e+01
2.221740781062884707e+03 6.421367205474193440e+01 8.980613882970023099e+01
2.284112207303825471e+03 6.434403422092316305e+01 8.998845705601549128e+01
2.348234600554276312e+03 6.447429823564597484e+01 9.017063801244387378e+01
2.414157116103017870e+03 6.460446464296009594e+01 9.035268245986701174e+01
2.481930289186255322e+03 6.473453398330275377e+01 9.053459115411426694e+01
2.551606073727186413e+03 6.486450679351933957e+01 9.071636484599167716e+01
2.623237882163123686e+03 6.499438360687037175e+01 9.089800428129167642e+01
2.696880626390692669e+03 6.512416495306987940e+01 9.107951020084665572e+01
2.772590759860481285e+03 6.525385135829166927e+01 9.126088334053793005e+01
2.850426320853434845e+03 6.539101016332384120e+01 9.145270701752581033e+01
2.930446976972144512e+03 6.554228729657280894e+01 9.166427590613778875e+01
3.012714070881164389e+03 6.569341296681342612e+01 9.187563296590521134e+01
3.097290667331406894e+03 6.584438798600812959e+01 9.208677933239953006e+01
3.184241601504652863e+03 6.599521316062252652e+01 9.229771613350453663e+01
3.273633528715247849e+03 6.614588929167577191e+01 9.250844448948697618e+01
3.365534975507094259e+03 6.629637475761181520e+01 9.271890619044971515e+01
3.460016392185108998e+03 6.644462271700125200e+01 9.292623862287621250e+01
3.557150206821385837e+03 6.659272581608108510e+01 9.313336846067358010e+01
3.657010880777493185e+03 6.674068484676753599e+01 9.334029681137759837e+01
3.759674965785467521e+03 6.688850059540710902e+01 9.354702477473443878e+01
3.865221162631261905e+03 6.703617384284072500e+01 9.375355344279051906e+01
3.973730381485608177e+03 6.718370536442336061e+01 9.395988389991985912e+01
4.085285803928565656e+03 6.733109593007860383e+01 9.416601722290032228e+01
4.199972946715306534e+03 6.747834630433315795e+01 9.437195448096206007e+01
4.317879727332021503e+03 6.762545724636234468e+01 9.457769673585102055e+01
4.439096531392170618e+03 6.777242951002624238e+01 9.478324504187941102e+01
4.563716281924758732e+03 6.791926384390440319e+01 9.498860044597448393e+01
4.691834510607798620e+03 6.806596099135008160e+01 9.519376398775409598e+01
4.823549431001467383e+03 6.821252169051879832e+01 9.539873669956699587e+01
4.958962013837211998e+03 6.836004195340130707e+01 9.560505141082235525e+01
5.098176064420425064e+03 6.852953586748226655e+01 9.584209740884233497e+01
5.241298302206061635e+03 6.869882098899378775e+01 9.607885139966386134e+01
5.388438442608223340e+03 6.886778642279618623e+01 9.631515829070326618e+01
5.539709281106400340e+03 6.903601023285308713e+01 9.655042798260861048e+01
5.695226779712825191e+03 6.920403678872160924e+01 9.678542180433775854e+01
5.855110155867243520e+03 6.937186711469770728e+01 9.702014118842146218e+01
6.019481973827274487e+03 6.953950222776082057e+01 9.725458755715807513e+01
6.188468238624383048e+03 6.970694313760755279e+01 9.748876232266049158e+01
6.362198492657488714e+03 6.987419084672541203e+01 9.772266688695924586e+01
6.540805914998259141e+03 7.004124635045758396e+01 9.795630264209326299e+01
6.724427423484249630e+03 7.020811063705870936e+01 9.818967097018769152e+01
6.913203779678127830e+03 7.037478468775326235e+01 9.842277324353568702e+01
7.107279696773419346e+03 7.054126947679414172e+01 9.865561082468030918e+01
7.306803950529507347e+03 7.070756597153264522e+01 9.888818506651226414e+01
7.511929493320968504e+03 7.087367513246428530e+01 9.912049731233422278e+01
7.722813571388642231e+03 7.103959791329064899e+01 9.935254889594712324e+01
7.939617845382275846e+03 7.120533526098088828e+01 9.958434114173626028e+01
8.162508514287228536e+03 7.137088811583008408e+01 9.981587536475291245e+01
8.391656442830160813e+03 7.153625741150653994e+01 1.000471528707804509e+02
8.627237292461450124e+03 7.169751649097092638e+01 1.002726820270258798e+02
8.869431656014703549e+03 7.187581444546484022e+01 1.005220409305422891e+02
9.118425196146570670e+03 7.206008946014355843e+01 1.007797590616121397e+02
9.374408787663000112e+03 7.224410525368780611e+01 1.010371146585293332e+02
9.637578663841088201e+03 7.242786314734802033e+01 1.012941095691308533e+02
9.908136566858665901e+03 7.261136445234363634e+01 1.015507456272247993e+02
1.018628990244688612e+04 7.279461046996094353e+01 1.018070246527273497e+02
1.047225189888435489e+04 7.297760249166130109e+01 1.020629484518139520e+02
1.076624177045493343e+04 7.316034179916040614e+01 1.023185188170302098e+02
1.106848488549411923e+04 7.334282966453530150e+01 1.025737375274416507e+02
1.137921293915313981e+04 7.352506735030550544e+01 1.028286063487469875e+02
1.169866413101305807e+04 7.370705610953412190e+01 1.030831270334198280e+02
1.202708334768512032e+04 7.388881674592539639e+01 1.033373286765156109e+02
1.236472235053714940e+04 7.407031164857369276e+01 1.035911586772391644e+02
1.271183996869030125e+04 7.425156133130464298e+01 1.038446457252357078e+02
1.306870229743347591e+04 7.443256701027740974e+01 1.040977915213667160e+02
1.343558290220826348e+04 7.461258040840957051e+01 1.043495495614626094e+02
1.381276302832009424e+04 7.478574852683024687e+01 1.045917341241287630e+02
1.420053181653681713e+04 7.495869213554696842e+01 1.048336046983716301e+02
1.459918652473977090e+04 7.513141241917416835e+01 1.050751629409356980e+02
1.500903275579736510e+04 7.530391055257065602e+01 1.053164104949217545e+02
1.543038469183564484e+04 7.548730934714645002e+01 1.055729031868959993e+02
1.586356533508589564e+04 7.568387968720955428e+01 1.058478169659189660e+02
1.630890675549334264e+04 7.588013356258117881e+01 1.061222881527164645e+02
1.676675034527701064e+04 7.607607257074856477e+01 1.063963189814570001e+02
1.723744708063620055e+04 7.627169829616795482e+01 1.066699116680845094e+02
1.772135779080358407e+04 7.646701231039300239e+01 1.069430684104979719e+02
1.821885343465165352e+04 7.666201617222897369e+01 1.072157913887671583e+02
1.873031538506434663e+04 7.685671142786537757e+01 1.074880827653179409e+02
1.925613572129198656e+04 7.705109961101955207e+01 1.077599446851333056e+02
1.979671752951332746e+04 7.724518224304922853e+01 1.080313792759106803e+02
2.035247521183579738e+04 7.743896083311508960e+01 1.083023886482892379e+02
2.092383480396979212e+04 7.763243687829206863e+01 1.085729748960056753e+02
2.151123430182167067e+04 7.782088054438737856e+01 1.088365231015109629e+02
2.211512399725488649e+04 7.800367421672048351e+01 1.090921694987570731e+02
2.273596682327715098e+04 7.818619754479713890e+01 1.093474378055895642e+02
2.337423870891812476e+04 7.836845193653506669e+01 1.096023299910541340e+02
2.403042894406969572e+04 7.855043878714523942e+01 1.098568480064254373e+02
2.470504055456825517e+04 7.873215947929826086e+01 1.101109937854397600e+02
2.539859068780729285e+04 7.891361538329049097e+01 1.103647692445273947e+02
2.611161100917462318e+04 7.909480785716230855e+01 1.106181762829779842e+02
2.684464810961965122e+04 7.927931692047127399e+01 1.108762217431525414e+02
2.759826392466180550e+04 7.948289021697745227e+01 1.111609295186628259e+02
2.837303616516211332e+04 7.968610535170446951e+01 1.114451363864157543e+02
2.916955876018793060e+04 7.988896413793510476e+01 1.117288448823809404e+02
2.998844231231024605e+04 8.009146837280979980e+01 1.120120575199521937e+02
3.083031456568276917e+04 8.029361983749855369e+01 1.122947767901878109e+02
3.169582088726115035e+04 8.049542029742502791e+01 1.125770051621239958e+02
3.258562476153229727e+04 8.069687150243130702e+01 1.128587450830053740e+02
3.350040829913136258e+04 8.089797518699411683e+01 1.131399989785872293e+02
3.444087275973823125e+04 8.108731168621906704e+01 1.134047958573645047e+02
3.540773908965269948e+04 8.127411219860016445e+01 1.136660460274849100e+02
3.640174847446137574e+04 8.146061954524260784e+01 1.139268861901694407e+02
3.742366290721976839e+04 8.164683520288139107e+01 1.141873184107083290e+02
3.847426577258505858e+04 8.183276063366177766e+01 1.144473447339872934e+02
3.955436244734701904e+04 8.201839728532000606e+01 1.147069671847402788e+02
4.066478091781862167e+04 8.220374659138590800e+01 1.149661877678328068e+02
4.180637241455761978e+04 8.238880997140114459e+01 1.152250084685672533e+02
4.298001206490798359e+04 8.257358883109117187e+01 1.154834312529233671e+02
4.418659956385941041e+04 8.275808456256815759e+01 1.157414580678419185e+02
4.542705986374042550e+04 8.294229854451590711e+01 1.159990908414834649e+02
4.670234388327330817e+04 8.312623214238469416e+01 1.162563314835007731e+02
4.801342923653445177e+04 8.332729609627956791e+01 1.165375298136902984e+02
4.936132098237916944e+04 8.353084429941461053e+01 1.168222024948242819e+02
5.074705239490466192e+04 8.373402627281305399e+01 1.171063629847454735e+02
5.217168575554354175e+04 8.393684385839402751e+01 1.173900138594729157e+02
5.363631316739245813e+04 8.413558176188145410e+01 1.176679590879610231e+02
5.514205739240301773e+04 8.431959660975623194e+01 1.179253133623105754e+02
5.669007271207433951e+04 8.450333857164226004e+01 1.181822859915025248e+02
5.828154581230839540e+04 8.468680882815694133e+01 1.184388786266913627e+02
5.991769669310612517e+04 8.487000854784378134e+01 1.186950929021455750e+02
6.159977960380168952e+04 8.505293888735593555e+01 1.189509304355043326e+02
6.332908400455114315e+04 8.523560099166959958e+01 1.192063928280759910e+02
6.510693555481467774e+04 8.541799599422448352e+01 1.194614816650346398e+02
6.693469712958668242e+04 8.560012501715083033e+01 1.197161985157373465e+02
6.881376986415669671e+04 8.578198917141315860e+01 1.199705449339254528e+02
7.074559422819878091e+04 8.596358955698575244e+01 1.202245224579697975e+02
7.273165113001453574e+04 8.614492726304077053e+01 1.204781326111339723e+02
7.477346305177580507e+04 8.632600336809856856e+01 1.207313769017844010e+02
7.687259521663720079e+04 8.650681894019389517e+01 1.209842568236228573e+02
7.903065678861347260e+04 8.668737503703611935e+01 1.212367738559105987e+02
8.124930210614047246e+04 8.686767270616947201e+01 1.214889294636923438e+02
8.353023195026787289e+04 8.705733301123292733e+01 1.217541792016685918e+02
8.587519484845179250e+04 8.724064262384979429e+01 1.220105471680645195e+02
8.828598841495149827e+04 8.741373761020163613e+01 1.222526294517530374e+02
9.076446072885356261e+04 8.758664775118353418e+01 1.224944532196391833e+02
9.331251175078240340e+04 8.775937316485639883e+01 1.227360186368372297e+02
9.593209477938231430e+04 8.793193754079408109e+01 1.229773588344404516e+02
9.862521794868784491e+04 8.810429413551064215e+01 1.232184084392681456e+02
1.013939457675291778e+05 8.827646637885116832e+01 1.234592002191694604e+02
1.042404007021557918e+05 8.844845440139482662e+01 1.236997343567661005e+02
1.071667648032864381e+05 8.862025833663959418e+01 1.239400110387619094e+02
1.101752813788387430e+05 8.879187832096488364e+01 1.241800304558905310e+02
1.132682567136153812e+05 8.896331449353374410e+01 1.244197928027787015e+02
1.164480618372685421e+05 8.913456699624448731e+01 1.246592982778785199e+02
1.197171343418965698e+05 8.930563597365495809e+01 1.248985470833616347e+02
1.230779802506663254e+05 8.947652157292058916e+01 1.251375394250324433e+02
1.265331759388942883e+05 8.964722394372830649e+01 1.253762755122359209e+02
1.300853701090570539e+05 8.981774323825108297e+01 1.256147555577938277e+02
1.337372858212497667e+05 8.998807961105529785e+01 1.258529797778752055e+02
1.374917225806420320e+05 9.013018329686207153e+01 1.260517191261699992e+02
1.413515584835395566e+05 9.027068147175548063e+01 1.262482130844821882e+02
1.453197524236895260e+05 9.041123330925080381e+01 1.264447820927163804e+02
1.493993463605256111e+05 9.055183587291901404e+01 1.266414220441247807e+02
1.535934676510895370e+05 9.069248628304330850e+01 1.268381289112746089e+02
1.579053314474175859e+05 9.083318171536795660e+01 1.270348987442983457e+02
1.623382431612278160e+05 9.097391939988592924e+01 1.272317276691979373e+02
1.668956009978026559e+05 9.111469661965232092e+01 1.274286118861856352e+02
1.715808985610006494e+05 9.125551070963599898e+01 1.276255476680775587e+02
1.763977275314045255e+05 9.139635905559157436e+01 1.278225313587164464e+02
1.813497804196495272e+05 9.153723909295821670e+01 1.280195593714315123e+02
1.864408533970485150e+05 9.167814830581426122e+01 1.282166281875762479e+02
1.916748492056812975e+05 9.181908422580444551e+01 1.284137343550282537e+02
1.970557801501800423e+05 9.196004443115522520e+01 1.286108744868120937e+02
2.025877711735017074e+05 9.210102654566651381e+01 1.288080452596890666e+02
2.082750630190514203e+05 9.224202823776698779e+01 1.290052434128363359e+02
2.141220154815731512e+05 9.237154872910087988e+01 1.291863845133811992e+02
2.201331107493032468e+05 9.247622271114060766e+01 1.293327764866498057e+02
2.263129568399529671e+05 9.258127067296670987e+01 1.294796914899763749e+02
2.326662911331458017e+05 9.268668464900882498e+01 1.296271183830990026e+02
2.391979840020237316e+05 9.279245683626238872e+01 1.297750462531126914e+02
2.459130425468041503e+05 9.289857959029308176e+01 1.299234644088809034e+02
2.528166144331500400e+05 9.300504542137031194e+01 1.300723623756283871e+02
2.599139918382932956e+05 9.311184699068259363e+01 1.302217298896480600e+02
2.672106155079437885e+05 9.321897710670282322e+01 1.303715568932175017e+02
2.747120789270814275e+05 9.332642872161245862e+01 1.305218335295983536e+02
2.824241326078435523e+05 9.343419492788149228e+01 1.306725501382529160e+02
2.903526884977814043e+05 9.354226895488949367e+01 1.308236972501186415e+02
2.985038245118729537e+05 9.365064416569146033e+01 1.309752655830848767e+02
3.068837891917639063e+05 9.375931405383904860e+01 1.311272460375474793e+02
3.154990064958088333e+05 9.386827224031583228e+01 1.312796296921221995e+02
3.243560807235811371e+05 9.397751247055009571e+01 1.314324077994673701e+02
3.334618015786362812e+05 9.408702861148873353e+01 1.315855717821912663e+02
3.428231493733974057e+05 9.416711292013093271e+01 1.316975738264579547e+02
3.524473003801587620e+05 9.423416460548287432e+01 1.317913490735478206e+02
3.623416323323149700e+05 9.430198014792938466e+01 1.318861926142593859e+02
3.725137300800209632e+05 9.437054444220449057e+01 1.319820833230975552e+02
3.829713914046277059e+05 9.443984271849505774e+01 1.320790005437153525e+02
3.937226329963475000e+05 9.450986053335016379e+01 1.321769240762003221e+02
4.047756965997322113e+05 9.458058376083960184e+01 1.322758341647089537e+02
4.161390553316706792e+05 9.465199858403271094e+01 1.323757114855498003e+02
4.278214201767621562e+05 9.472409148674744017e+01 1.324765371356436674e+02
4.398317466650228016e+05 9.479684924554025827e+01 1.325782926213214807e+02
4.521792417370702024e+05 9.487025892197540600e+01 1.326809598475121845e+02
4.648733708020256599e+05 9.494430785511490001e+01 1.327845211072396410e+02
4.779238649935594876e+05 9.501898365426880844e+01 1.328889590714837539e+02
4.913407286296357051e+05 9.509427419193599462e+01 1.329942567793073920e+02
5.051342468816766632e+05 9.517016759701222384e+01 1.331003976283577970e+02
5.193149936590212164e+05 9.524665224816025955e+01 1.332073653655942564e+02
5.338938397147360956e+05 9.532512474606755859e+01 1.333171132092523123e+02
5.488819609789677197e+05 9.545878545915924462e+01 1.335040446238856191e+02
5.642908471262542298e+05 9.559231422917180510e+01 1.336907915093040913e+02
5.801323103833377827e+05 9.572571112076228417e+01 1.338773539559340122e+02
5.964184945842459565e+05 9.585897620057035340e+01 1.340637320569744304e+02
6.131618844795768382e+05 9.599210953720235295e+01 1.342499259083748200e+02
6.303753153071268462e+05 9.612511120116687380e+01 1.344359356087451260e+02
6.480719826311970828e+05 9.625798126486249373e+01 1.346217612593384558e+02
6.662654524581149453e+05 9.639071980251402749e+01 1.348074029639621187e+02
6.849696716357453261e+05 9.652332689016935774e+01 1.349928608289729084e+02
7.041989785449295305e+05 9.665580260563035608e+01 1.351781349631808382e+02
7.239681140910877148e+05 9.678814702843821749e+01 1.353632254778283652e+02
7.442922330043758266e+05 9.692036023983398252e+01 1.355481324865352519e+02
7.651869154570817482e+05 9.705244232272468707e+01 1.357328561052513294e+02
7.866681790071573341e+05 9.718439336164966846e+01 1.359173964522092035e+02
8.087524908770457841e+05 9.731621344274714147e+01 1.361017536478775583e+02
8.314567805772064021e+05 9.744790265373221416e+01 1.362859278149306022e+02
8.547984528840422863e+05 9.757596897740063469e+01 1.364650351868462224e+02
8.787954011821328895e+05 9.769920493549894047e+01 1.366373870428863881e+02
9.034660211810533656e+05 9.782234766208125620e+01 1.368096085098333390e+02
9.288292250172499334e+05 9.794539692118907226e+01 1.369816992576869836e+02
9.549044557518077781e+05 9.806835248236659197e+01 1.371536589641429202e+02
9.817117022752183257e+05 9.819121412056199460e+01 1.373254873144545911e+02
1.009271514630571823e+06 9.832351605921071780e+01 1.375052744935022986e+02
1.037605019766911748e+06 9.847525780305828391e+01 1.377017846504273280e+02
1.066733937734856969e+06 9.862760214859639518e+01 1.378991721965740851e+02
1.096680598336867522e+06 9.878054795130481125e+01 1.380974352169301653e+02
1.127467958244947251e+06 9.893409409390994824e+01 1.382965718381696547e+02
1.159119618598885601e+06 9.908823948601541076e+01 1.384965802280807168e+02
1.191659843098558718e+06 9.924298306373940193e+01 1.386974585950049175e+02
1.225113576604117872e+06 9.939832378935862778e+01 1.388992051872855029e+02
1.259506464258359047e+06 9.955426065095878130e+01 1.391018182927266764e+02
1.294864871145904996e+06 9.971079266209117975e+01 1.393052962380620556e+02
1.331215902504307684e+06 9.986791886143599584e+01 1.395096373884332763e+02
1.368587424502517795e+06 1.000192792451267536e+02 1.397059578633699743e+02
1.407008085602686508e+06 1.001696271639959690e+02 1.399008989653911783e+02
1.446507338521647034e+06 1.003205978158054990e+02 1.400967446545178632e+02
1.487115462808953831e+06 1.004721899016002027e+02 1.402934928042870695e+02
1.528863588058729423e+06 1.006244021518488267e+02 1.404911413329280947e+02
1.571783717773161130e+06 1.007772333260395072e+02 1.406896882027419053e+02
1.615908753895919072e+06 1.009306822122827043e+02 1.408891314194920881e+02
1.661272522034293041e+06 1.010847476269211000e+02 1.410894690318059759e+02
1.707909797389426734e+06 1.012394284141470990e+02 1.412906991305881093e+02
1.755856331414466957e+06 1.013947234456271786e+02 1.414928198484433040e+02
1.805148879221110139e+06 1.015506316201328474e+02 1.416958293591106326e+02
1.855825227755518863e+06 1.017071518631785381e+02 1.418997258769075529e+02
1.907924224765265128e+06 1.018642831266659528e+02 1.421045076561842677e+02
1.961485808579429286e+06 1.020220243885349447e+02 1.423101729907877484e+02
2.016551038724748418e+06 1.021803746524206673e+02 1.425167202135354216e+02
2.073162127401231090e+06 1.023393329473167199e+02 1.427241476956982922e+02
2.131362471841437742e+06 1.024976342014394532e+02 1.429306910509294255e+02
2.191196687578147277e+06 1.026500740399097111e+02 1.431290938664715213e+02
2.252710642645982560e+06 1.028031488346476294e+02 1.433284157963917380e+02
2.315951492743154522e+06 1.029568573006041703e+02 1.435286547569031086e+02
2.380967717380358372e+06 1.031111981820111936e+02 1.437298087083794371e+02
2.447809157044440042e+06 1.032661702519839082e+02 1.439318756547499163e+02
2.516527051405388862e+06 1.034217723121311678e+02 1.441348536429051421e+02
2.587174078595923726e+06 1.035780031921728579e+02 1.443387407621148100e+02
2.659804395593758207e+06 1.037348617495630947e+02 1.445435351434537097e+02
2.734473679737580009e+06 1.038923468691220506e+02 1.447492349592406242e+02
2.811239171408461407e+06 1.040504574626726395e+02 1.449558384224852716e+02
2.890159717909511644e+06 1.042091924686852593e+02 1.451633437863466156e+02
2.971295818577334285e+06 1.043685508519276226e+02 1.453717493436000154e+02
3.054709671159968246e+06 1.045285316031217775e+02 1.455810534261142095e+02
3.140465219496748876e+06 1.046891337386067562e+02 1.457912544043376499e+02
3.228628202536733821e+06 1.048503563000075332e+02 1.460023506867938465e+02
3.319266204733189661e+06 1.050121983539095112e+02 1.462143407195856923e+02
3.412448707852889318e+06 1.051707072602136606e+02 1.464217212704809583e+02
3.508247144239788875e+06 1.053263595999055156e+02 1.466251570338195904e+02
3.606734951574031729e+06 1.054826561735188903e+02 1.468295220978942268e+02
3.707987629168172367e+06 1.056395957641807541e+02 1.470348144999026943e+02
3.812082795843888074e+06 1.057971771834290990e+02 1.472410323196158402e+02
3.919100249433401972e+06 1.059553992708360965e+02 1.474481736788081605e+02
4.029122027951351833e+06 1.061142608936376774e+02 1.476562367406968121e+02
4.142232472483898047e+06 1.062737609463698476e+02 1.478652197093911411e+02
4.258518291843414307e+06 1.064338983505115834e+02 1.480751208293524144e+02
4.378068629038166255e+06 1.065946720541337953e+02 1.482859383848624191e+02
4.500975129608041607e+06 1.067560810315549702e+02 1.484976706995022653e+02
4.627332011878693476e+06 1.069181242830028538e+02 1.487103161356399710e+02
4.757236139187889174e+06 1.070808008342814333e+02 1.489238730939270852e+02
4.890787094139589928e+06 1.072441097364449121e+02 1.491383400128044343e+02
5.028087254942474887e+06 1.074080500654767008e+02 1.493537153680163954e+02
5.169241873891604133e+06 1.075726209219739218e+02 1.495699976721333542e+02
5.314359158053241670e+06 1.077378214308380535e+02 1.497871854740835431e+02
5.463550352214875631e+06 1.078971342837073877e+02 1.499962183234092095e+02
5.616929824163803831e+06 1.080563570178898800e+02 1.502051571783642885e+02
5.774615152359825559e+06 1.082162327602349023e+02 1.504150349538665523e+02
5.936727216069126502e+06 1.083767603725587634e+02 1.506258498208146364e+02
6.103390288028621115e+06 1.085379387441174259e+02 1.508375999909827669e+02
6.274732129711574875e+06 1.086997667912510082e+02 1.510502837164860637e+02
6.450884089267699048e+06 1.088622434570342108e+02 1.512638992892541978e+02
6.631981202212675475e+06 1.090253677109329828e+02 1.514784450405151404e+02
6.818162294944479130e+06 1.091891385484678381e+02 1.516939193402881187e+02
7.009570091165618040e+06 1.093535549908818183e+02 1.519103205968843042e+02
7.206351321293044835e+06 1.095186160848156902e+02 1.521276472564181574e+02
7.408656834939567372e+06 1.096843209019879168e+02 1.523458978023249699e+02
7.616641716552891769e+06 1.098506685388805977e+02 1.525650707548892058e+02
7.830465404301183298e+06 1.100176581164304110e+02 1.527851646707786699e+02
8.050291812295972370e+06 1.101852887797257949e+02 1.530061781425891638e+02
8.276289456246351823e+06 1.103535596977084765e+02 1.532281097983946552e+02
8.508631582640580833e+06 1.105206544950846279e+02 1.534484375413386772e+02
8.747496301554415375e+06 1.106833794538044771e+02 1.536627278632549007e+02
8.993066723187614232e+06 1.108467654836895804e+02 1.538779660520390848e+02
9.245531098233580589e+06 1.110108115248435325e+02 1.540941504081890514e+02
9.505082962189512327e+06 1.111755165438617041e+02 1.543112792714649402e+02
9.771921283717997372e+06 1.113408795334958086e+02 1.545293510203869971e+02
1.004625061717340350e+07 1.115068995123245372e+02 1.547483640717420599e+02
1.032828125941029564e+07 1.116735755244294097e+02 1.549683168800988255e+02
1.061822941099384613e+07 1.118409066390768771e+02 1.551892079373313891e+02
1.091631734193614684e+07 1.120088919504056406e+02 1.554110357721511377e+02
1.122277356208507158e+07 1.121775305771193842e+02 1.556337989496465468e+02
1.153783299629659578e+07 1.123468216621847091e+02 1.558574960708311608e+02
1.186173716452479176e+07 1.125167643725345670e+02 1.560821257721987934e+02
1.219473436696738377e+07 1.126873578987765399e+02 1.563076867252873967e+02
1.253707987440919690e+07 1.128586014549060650e+02 1.565341776362488133e+02
1.288903612390891463e+07 1.130304942780247899e+02 1.567615972454276516e+02
1.325087291997953877e+07 1.132030356280637164e+02 1.569899443269458459e+02
1.362286764141646773e+07 1.133720277279703481e+02 1.572133976107722049e+02
1.400530545393219776e+07 1.135392446336008021e+02 1.574344180256314019e+02
1.439847952876006626e+07 1.137071295787499707e+02 1.576563936373777608e+02
1.480269126739510149e+07 1.138756816132647458e+02 1.578793229203662065e+02
1.521825053264387138e+07 1.140448998121870687e+02 1.581032043861099510e+02
1.564547588616095856e+07 1.142147832754447023e+02 1.583280365828190099e+02
1.608469483265355043e+07 1.143853311275468769e+02 1.585538180949465641e+02
1.653624407094182074e+07 1.145565425172851519e+02 1.587805475427435340e+02
1.700046975206718221e+07 1.147284166174397768e+02 1.590082235818200900e+02
1.747772774464681000e+07 1.149009526244904720e+02 1.592368449027153190e+02
1.796838390767719224e+07 1.150741497583326094e+02 1.594664102304734286e+02
1.847281437099635974e+07 1.152480072619979552e+02 1.596969183242280508e+02
1.899140582361935452e+07 1.154225244013803717e+02 1.599283679767924866e+02
1.952455581016860902e+07 1.155977004649657829e+02 1.601607580142581071e+02
2.007267303562568128e+07 1.157735347635670706e+02 1.603940872955977852e+02
2.063617767863856629e+07 1.159500266300633626e+02 1.606283547122783659e+02
2.121550171362452582e+07 1.161271776379613243e+02 1.608635622614640681e+02
2.181108924191519991e+07 1.162986692428509770e+02 1.610909576379148405e+02
2.242339683219845220e+07 1.164708362208390895e+02 1.613193163656793558e+02
2.305289387051706016e+07 1.166436777180904159e+02 1.615486370706224477e+02
2.370006292009330541e+07 1.168171929048778139e+02 1.617789184140085013e+02
2.436540009125465900e+07 1.169913809752944189e+02 1.620101590920740762e+02
2.504941542174502462e+07 1.171662411469703642e+02 1.622423578356076348e+02
2.575263326771198586e+07 1.173417726607946321e+02 1.624755134095362052e+02
2.647559270567069203e+07 1.175179747806415094e+02 1.627096246125194909e+02
2.721884794575179741e+07 1.176948467931010782e+02 1.629446902765496930e+02
2.798296875655115768e+07 1.178723880072153207e+02 1.631807092665595746e+02
2.876854090190591291e+07 1.180505977542174918e+02 1.634176804800353295e+02
2.957616658993256465e+07 1.182294753872767075e+02 1.636556028466378052e+02
3.040646493467068672e+07 1.184090202812461712e+02 1.638944753278278768e+02
3.126007243068703637e+07 1.185892318324161891e+02 1.641342969165003467e+02
3.213764344100275636e+07 1.187701094582705679e+02 1.643750666366214546e+02
3.303985069871854782e+07 1.189516525972475876e+02 1.646167835428747139e+02
3.396738582272209227e+07 1.191316472555997876e+02 1.648563837068305986e+02
3.492095984787271172e+07 1.193084964523777529e+02 1.650916576870643837e+02
3.590130377007068694e+07 1.194860273643865725e+02 1.653279017247315608e+02
3.690916910662774742e+07 1.196642392649557252e+02 1.655651146403161817e+02
3.794532847236942500e+07 1.198431314501206657e+02 1.658032952875030901e+02
3.901057617190993577e+07 1.200227032383612737e+02 1.660424425527906749e+02
4.010572880855496228e+07 1.202029539703444811e+02 1.662825553551105315e+02
4.123162591029748321e+07 1.203838830086714182e+02 1.665236326454530911e+02
4.238913057338783145e+07 1.205654897376282406e+02 1.667656734064993600e+02
4.357913012397029996e+07 1.207477735629416316e+02 1.670086766522584014e+02
4.480253679829489440e+07 1.209307339115379563e+02 1.672526414277121205e+02
4.606028844202398509e+07 1.211143702313065660e+02 1.674975668084636311e+02
4.735334922917120904e+07 1.212986819908670100e+02 1.677434519003942057e+02
4.868271040122283995e+07 1.214836686793396296e+02 1.679902958393227834e+02
5.004939102700953186e+07 1.216693298061207855e+02 1.682380977906736632e+02
5.145443878390924633e+07 1.218556649006606563e+02 1.684868569491478070e+02
5.289893076098145545e+07 1.220426735122456989e+02 1.687365725384005657e+02
5.438397428464801610e+07 1.222260922118255024e+02 1.689813500842915346e+02
5.591070776755292714e+07 1.224086488751956523e+02 1.692249615307202646e+02
5.748030158125351369e+07 1.225918941114392027e+02 1.694695505949330538e+02
5.909395895340964943e+07 1.227758273207029447e+02 1.697151162895700338e+02
6.075291689016077667e+07 1.229604479245136872e+02 1.699616576584087113e+02
6.245844712439618260e+07 1.231457553655410351e+02 1.702091737760133867e+02
6.421185709064758569e+07 1.233317491073638621e+02 1.704576637473921039e+02
6.601449092734882981e+07 1.235184286342412179e+02 1.707071267076572383e+02
6.786773050723302364e+07 1.237057934508858352e+02 1.709575618216930764e+02
6.977299649665537477e+07 1.238938430822424408e+02 1.712089682838277724e+02
7.173174944465613365e+07 1.240825770732691922e+02 1.714613453175113875e+02
7.374549090259546041e+07 1.242719949887222697e+02 1.717146921749985040e+02
7.581576457522118092e+07 1.244620964129447742e+02 1.719690081370362122e+02
7.794415750404950976e+07 1.246528809496582539e+02 1.722242925125568433e+02
8.013230128396886587e+07 1.248443482217581959e+02 1.724805446383767276e+02
8.238187331399601698e+07 1.250364978711123882e+02 1.727377638788979937e+02
8.469459808314593136e+07 1.252287761425271810e+02 1.729951851188250203e+02
8.707224849239921570e+07 1.254167978997770803e+02 1.732467508413348298e+02
8.951664721378301084e+07 1.256055156859247859e+02 1.734993028322523969e+02
9.202966808760410547e+07 1.257949290125296216e+02 1.737528402720685392e+02
9.461323755890759826e+07 1.259850374114314633e+02 1.740073623707027366e+02
9.726933615426178277e+07 1.261758404345336402e+02 1.742628683671852343e+02
1.000000000000000000e+08 1.263673376535891180e+02 1.745193575293415051e+02
