111 1 1 12
7.5961e-12
1.03661e-11
1.39711e-11
1.86312e-11
2.46227e-11
3.22922e-11
4.2075e-11
5.45161e-11
7.03003e-11
9.02866e-11
1.15553e-10
1.47453e-10
1.87683e-10
2.38376e-10
3.02244e-10
3.82567e-10
4.83543e-10
6.10376e-10
7.6951e-10
9.68872e-10
1.21836e-9
1.52991e-9
1.9181e-9
2.40051e-9
2.99815e-9
3.73589e-9
4.64288e-9
5.75283e-9
7.10446e-9
8.74157e-9
1.07131e-8
1.30731e-8
1.58808e-8
1.92004e-8
2.31009e-8
2.76564e-8
3.2946e-8
3.90536e-8
4.60679e-8
5.40839e-8
6.32028e-8
7.35322e-8
8.51878e-8
9.82929e-8
1.12982e-7
1.29399e-7
1.47697e-7
1.68046e-7
1.90627e-7
2.15637e-7
2.43287e-7
2.73805e-7
3.07441e-7
3.44456e-7
3.85142e-7
4.29807e-7
4.78782e-7
5.32423e-7
5.9111e-7
6.55255e-7
7.25306e-7
8.01719e-7
8.84993e-7
9.75687e-7
1.07436e-6
1.18161e-6
1.2981e-6
1.42455e-6
1.56168e-6
1.71025e-6
1.87114e-6
2.04526e-6
2.23353e-6
2.43696e-6
2.65662e-6
2.89368e-6
3.14935e-6
3.42486e-6
3.72168e-6
4.0412e-6
4.38502e-6
4.75468e-6
5.15193e-6
5.57863e-6
6.03673e-6
6.52821e-6
7.05534e-6
7.62037e-6
8.22568e-6
8.87383e-6
9.56753e-6
0.0000103095
0.0000111028
0.0000119504
0.0000128553
0.0000138208
0.0000148505
0.0000159473
0.0000171148
0.0000183567
0.0000196753
0.0000210737
0.0000225549
0.0000241208
0.0000257736
0.0000275136
0.0000293416
0.0000312578
0.00003326
0.0000353477
0.0000375188
