111 1 1 12
3.19496e-11
4.28286e-11
5.67763e-11
7.45841e-11
9.72507e-11
1.26034e-10
1.62521e-10
2.08698e-10
2.67058e-10
3.40742e-10
4.33674e-10
5.50723e-10
6.98033e-10
8.83174e-10
1.11564e-9
1.40717e-9
1.77226e-9
2.22876e-9
2.79849e-9
3.50804e-9
4.38946e-9
5.48115e-9
6.82854e-9
8.48492e-9
1.05119e-8
1.29797e-8
1.59673e-8
1.95619e-8
2.3859e-8
2.89611e-8
3.49774e-8
4.20231e-8
5.02277e-8
5.9877e-8
7.10358e-8
8.38563e-8
9.85206e-8
1.15212e-7
1.34131e-7
1.55504e-7
1.79567e-7
2.06602e-7
2.369e-7
2.70766e-7
3.08558e-7
3.50647e-7
3.97468e-7
4.4943e-7
5.07039e-7
5.7077e-7
6.41229e-7
7.18945e-7
8.04581e-7
8.98805e-7
1.00234e-6
1.11597e-6
1.24052e-6
1.37683e-6
1.52591e-6
1.68869e-6
1.86628e-6
2.05984e-6
2.27058e-6
2.49975e-6
2.7488e-6
3.01922e-6
3.31253e-6
3.63034e-6
3.97454e-6
4.347e-6
4.74982e-6
5.18493e-6
5.65474e-6
6.16169e-6
6.70823e-6
7.29713e-6
7.93143e-6
8.61405e-6
9.34828e-6
0.0000101375
0.0000109853
0.0000118956
0.0000128727
0.0000139207
0.0000150443
0.0000162484
0.0000175379
0.0000189182
0.0000203949
0.0000219742
0.000023662
0.000025465
0.0000273897
0.000029443
0.0000316322
0.000033965
0.0000364482
0.0000390889
0.0000418944
0.0000448711
0.0000480249
0.0000513616
0.0000548849
0.0000585985
0.0000625028
0.0000665991
0.0000708868
0.0000753592
0.0000800128
0.000084842
0.0000898437
