111 1 1 12
7.43978e-11
9.751e-11
1.26729e-10
1.63576e-10
2.09962e-10
2.68279e-10
3.41492e-10
4.33317e-10
5.48404e-10
6.92533e-10
8.72901e-10
1.09831e-9
1.37981e-9
1.73106e-9
2.16887e-9
2.71381e-9
3.39095e-9
4.23077e-9
5.27007e-9
6.55273e-9
8.13044e-9
1.00634e-8
1.24208e-8
1.52809e-8
1.87303e-8
2.28624e-8
2.77762e-8
3.3574e-8
4.03592e-8
4.82339e-8
5.72969e-8
6.76439e-8
7.9377e-8
9.27455e-8
1.0777e-7
1.24566e-7
1.4326e-7
1.64e-7
1.86943e-7
2.12274e-7
2.402e-7
2.70974e-7
3.04856e-7
3.4216e-7
3.83195e-7
4.28368e-7
4.7806e-7
5.32729e-7
5.92836e-7
6.58916e-7
7.31493e-7
8.11191e-7
8.98661e-7
9.94552e-7
1.09963e-6
1.21464e-6
1.34044e-6
1.47792e-6
1.62806e-6
1.79181e-6
1.97031e-6
2.16463e-6
2.37612e-6
2.60599e-6
2.85564e-6
3.12663e-6
3.42047e-6
3.73883e-6
4.08351e-6
4.45649e-6
4.85964e-6
5.29517e-6
5.76533e-6
6.27265e-6
6.81965e-6
7.40904e-6
8.04368e-6
8.72658e-6
9.46122e-6
0.0000102509
0.0000110992
0.00001201
0.0000129875
0.0000140361
0.0000151601
0.0000163647
0.0000176547
0.0000190356
0.0000205131
0.000022093
0.0000237816
0.0000255852
0.0000275108
0.000029565
0.000031755
0.0000340888
0.0000365731
0.0000392148
0.0000420213
0.0000449987
0.0000481536
0.0000514915
0.0000550166
0.0000587315
0.0000626371
0.0000667341
0.000071023
0.000075496
0.000080157
0.0000849826
0.000089985
