111 1 1 12
5.31566e-11
7.01473e-11
9.17264e-11
1.19048e-10
1.53566e-10
1.97108e-10
2.51948e-10
3.20931e-10
4.07635e-10
5.16526e-10
6.53116e-10
8.24347e-10
1.0387e-9
1.30684e-9
1.64191e-9
2.06007e-9
2.5811e-9
3.22913e-9
4.03351e-9
5.02945e-9
6.25882e-9
7.77089e-9
9.62301e-9
1.1881e-8
1.46187e-8
1.79183e-8
2.18686e-8
2.65644e-8
3.21051e-8
3.85931e-8
4.61326e-8
5.48284e-8
6.47968e-8
7.63055e-8
8.93953e-8
1.04207e-7
1.20884e-7
1.39598e-7
1.60527e-7
1.83886e-7
2.09875e-7
2.38787e-7
2.70872e-7
3.06449e-7
3.45878e-7
3.89507e-7
4.37759e-7
4.9108e-7
5.49933e-7
6.14841e-7
6.86346e-7
7.65084e-7
8.51616e-7
9.46686e-7
1.05099e-6
1.1653e-6
1.29047e-6
1.42739e-6
1.57696e-6
1.74028e-6
1.91827e-6
2.11225e-6
2.32337e-6
2.55287e-6
2.80223e-6
3.07293e-6
3.36651e-6
3.68462e-6
4.02906e-6
4.40175e-6
4.80471e-6
5.24005e-6
5.71004e-6
6.21717e-6
6.76397e-6
7.35314e-6
7.98749e-6
8.67029e-6
9.40477e-6
0.0000101942
0.0000110423
0.0000119528
0.0000129301
0.0000139785
0.0000151022
0.0000163065
0.0000175963
0.000018977
0.0000204541
0.0000220336
0.0000237218
0.0000255252
0.0000274504
0.000029504
0.0000316937
0.0000340269
0.0000365107
0.0000391518
0.0000419579
0.000044935
0.0000480893
0.0000514266
0.0000549507
0.0000586647
0.0000625695
0.0000666658
0.0000709545
0.0000754269
0.0000800828
0.0000849142
0.0000899158
