111 1 1 12
7.44313e-12
1.02169e-11
1.38334e-11
1.85138e-11
2.45358e-11
3.22473e-11
4.2086e-11
5.45998e-11
7.04768e-11
9.05806e-11
1.15995e-10
1.48081e-10
1.88547e-10
2.39571e-10
3.03783e-10
3.84582e-10
4.86171e-10
6.13792e-10
7.73951e-10
9.74662e-10
1.22592e-9
1.53985e-9
1.93122e-9
2.41791e-9
3.02134e-9
3.76689e-9
4.68442e-9
5.80848e-9
7.17882e-9
8.84046e-9
1.08436e-8
1.32439e-8
1.6102e-8
1.94834e-8
2.34585e-8
2.81024e-8
3.34945e-8
3.9719e-8
4.68643e-8
5.50251e-8
6.43012e-8
7.47991e-8
8.66325e-8
9.99234e-8
1.14805e-7
1.31417e-7
1.49914e-7
1.70462e-7
1.93242e-7
2.18449e-7
2.4629e-7
2.76997e-7
3.10816e-7
3.48011e-7
3.88868e-7
4.33698e-7
4.82832e-7
5.36628e-7
5.95462e-7
6.59747e-7
7.29936e-7
8.06479e-7
8.89879e-7
9.80699e-7
1.07949e-6
1.18686e-6
1.30346e-6
1.43003e-6
1.56727e-6
1.71596e-6
1.87696e-6
2.0512e-6
2.23959e-6
2.44314e-6
2.66292e-6
2.90012e-6
3.15592e-6
3.43158e-6
3.72855e-6
4.04822e-6
4.3922e-6
4.76203e-6
5.15946e-6
5.58635e-6
6.04465e-6
6.53634e-6
7.0637e-6
7.62897e-6
8.23453e-6
8.88295e-6
9.57694e-6
0.0000103192
0.0000111128
0.0000119608
0.0000128661
0.0000138319
0.000014862
0.0000159593
0.0000171272
0.0000183694
0.0000196885
0.0000210874
0.0000225693
0.0000241357
0.0000257891
0.0000275295
0.0000293581
0.0000312745
0.0000332778
0.0000353662
0.0000375377
