111 1 1 12
2.67724e-11
3.68897e-11
5.00637e-11
6.70817e-11
8.8929e-11
1.16844e-10
1.5238e-10
1.97491e-10
2.54626e-10
3.26857e-10
4.18034e-10
5.32982e-10
6.77727e-10
8.59783e-10
1.0887e-9
1.37585e-9
1.73584e-9
2.18663e-9
2.7502e-9
3.45361e-9
4.32973e-9
5.41838e-9
6.76732e-9
8.43337e-9
1.04833e-8
1.29949e-8
1.60573e-8
1.97713e-8
2.42492e-8
2.9615e-8
3.60021e-8
4.35533e-8
5.24276e-8
6.29435e-8
7.51896e-8
8.93551e-8
1.05629e-7
1.24213e-7
1.45325e-7
1.69175e-7
1.96009e-7
2.26064e-7
2.59625e-7
2.96965e-7
3.38413e-7
3.84294e-7
4.34987e-7
4.90895e-7
5.52477e-7
6.2016e-7
6.9451e-7
7.76056e-7
8.65422e-7
9.63236e-7
1.07025e-6
1.18718e-6
1.31482e-6
1.4541e-6
1.60596e-6
1.77136e-6
1.95139e-6
2.14718e-6
2.36002e-6
2.59111e-6
2.84192e-6
3.11394e-6
3.40872e-6
3.72793e-6
4.07332e-6
4.44694e-6
4.85069e-6
5.2867e-6
5.75726e-6
6.26493e-6
6.81219e-6
7.40176e-6
8.0365e-6
8.71952e-6
9.45417e-6
0.0000102437
0.000011092
0.0000120026
0.0000129799
0.0000140282
0.000015152
0.0000163562
0.0000176458
0.0000190263
0.0000205033
0.0000220826
0.0000237706
0.0000255736
0.0000274985
0.0000295519
0.0000317412
0.0000340741
0.0000365575
0.0000391982
0.0000420038
0.0000449805
0.0000481344
0.0000514711
0.0000549946
0.0000587085
0.0000626127
0.0000667088
0.0000709965
0.0000754691
0.0000801281
0.0000849516
0.0000899535
