111 1 1 12
1.33655e-11
1.88244e-11
2.60723e-11
3.56035e-11
4.80438e-11
6.41802e-11
8.50101e-11
1.11793e-10
1.4612e-10
1.89996e-10
2.4595e-10
3.17169e-10
4.07677e-10
5.22523e-10
6.68022e-10
8.52245e-10
1.08484e-9
1.37839e-9
1.74822e-9
2.21336e-9
2.79723e-9
3.52851e-9
4.44207e-9
5.58007e-9
6.99298e-9
8.74055e-9
1.08931e-8
1.35321e-8
1.6751e-8
2.06559e-8
2.53654e-8
3.10111e-8
3.77464e-8
4.5886e-8
5.55221e-8
6.68574e-8
8.00964e-8
9.54674e-8
1.13201e-7
1.33559e-7
1.56789e-7
1.83199e-7
2.13073e-7
2.46723e-7
2.84521e-7
3.26821e-7
3.74019e-7
4.2653e-7
4.84821e-7
5.49379e-7
6.20752e-7
6.99469e-7
7.86166e-7
8.81498e-7
9.86161e-7
1.10093e-6
1.22661e-6
1.36405e-6
1.51424e-6
1.67808e-6
1.8567e-6
2.05128e-6
2.26296e-6
2.49304e-6
2.74295e-6
3.01421e-6
3.3083e-6
3.62684e-6
3.97175e-6
4.34489e-6
4.74835e-6
5.18408e-6
5.65447e-6
6.16201e-6
6.70907e-6
7.29856e-6
7.93338e-6
8.61652e-6
9.35126e-6
0.0000101409
0.0000109893
0.0000119002
0.0000128778
0.0000139263
0.0000150505
0.0000162552
0.0000175453
0.0000189262
0.0000204036
0.0000219836
0.0000236721
0.0000254758
0.0000274014
0.0000294555
0.0000316455
0.0000339792
0.0000364634
0.0000391051
0.0000419116
0.0000448892
0.000048044
0.0000513819
0.0000549067
0.0000586214
0.000062527
0.0000666242
0.0000709132
0.000075386
0.0000800419
0.0000848727
0.0000898753
