#Energy: GeV, NMuons, Total Events
1.000000000000000000e+02 2.644800000000000000e+04 1.000000000000000000e+06
1.047289838236358577e+02 2.732800000000000000e+04 1.000000000000000000e+06
1.096816005273137904e+02 2.795100000000000000e+04 1.000000000000000000e+06
1.148684256737553540e+02 2.901100000000000000e+04 1.000000000000000000e+06
1.203005349423324191e+02 3.001900000000000000e+04 1.000000000000000000e+06
1.259895277795027226e+02 3.051700000000000000e+04 1.000000000000000000e+06
1.319475521676706080e+02 3.125200000000000000e+04 1.000000000000000000e+06
1.381873305653632258e+02 3.189600000000000000e+04 1.000000000000000000e+06
1.447221870741134353e+02 3.277400000000000000e+04 1.000000000000000000e+06
1.515660758900602900e+02 3.353500000000000000e+04 1.000000000000000000e+06
1.587336111010208697e+02 3.429700000000000000e+04 1.000000000000000000e+06
1.662400978926611970e+02 3.482500000000000000e+04 1.000000000000000000e+06
1.741015652304015475e+02 3.585600000000000000e+04 1.000000000000000000e+06
1.823348000868440408e+02 3.666300000000000000e+04 1.000000000000000000e+06
1.909573832878096766e+02 3.706700000000000000e+04 1.000000000000000000e+06
1.999877270535286868e+02 3.767900000000000000e+04 1.000000000000000000e+06
2.094451143151468671e+02 3.800300000000000000e+04 1.000000000000000000e+06
2.193497398905060152e+02 3.861100000000000000e+04 1.000000000000000000e+06
2.297227536071151235e+02 3.975000000000000000e+04 1.000000000000000000e+06
2.405863054644066779e+02 3.968500000000000000e+04 1.000000000000000000e+06
2.519635929317016121e+02 4.089900000000000000e+04 1.000000000000000000e+06
2.638789104828934455e+02 4.089500000000000000e+04 1.000000000000000000e+06
2.763577014736160322e+02 4.195000000000000000e+04 1.000000000000000000e+06
2.894266124716751847e+02 4.244200000000000000e+04 1.000000000000000000e+06
3.031135501567579240e+02 4.262600000000000000e+04 1.000000000000000000e+06
3.174477409109193218e+02 4.314600000000000000e+04 1.000000000000000000e+06
3.324597932270941669e+02 4.370500000000000000e+04 1.000000000000000000e+06
3.481817630688966574e+02 4.432000000000000000e+04 1.000000000000000000e+06
3.646472223212748531e+02 4.479000000000000000e+04 1.000000000000000000e+06
3.818913304781854094e+02 4.493800000000000000e+04 1.000000000000000000e+06
3.999509097203665533e+02 4.562800000000000000e+04 1.000000000000000000e+06
4.188645235435270706e+02 4.614500000000000000e+04 1.000000000000000000e+06
4.386725591048498814e+02 4.615100000000000000e+04 1.000000000000000000e+06
4.594173134636476448e+02 4.688000000000000000e+04 1.000000000000000000e+06
4.811430839003259621e+02 4.735400000000000000e+04 1.000000000000000000e+06
5.038962625065150291e+02 4.732500000000000000e+04 1.000000000000000000e+06
5.277254352483537332e+02 4.752600000000000000e+04 1.000000000000000000e+06
5.526814857144603366e+02 4.879700000000000000e+04 1.000000000000000000e+06
5.788177037701274230e+02 4.903600000000000000e+04 1.000000000000000000e+06
6.061898993497571837e+02 4.892500000000000000e+04 1.000000000000000000e+06
6.348565216305216836e+02 4.917600000000000000e+04 1.000000000000000000e+06
6.648787838417263174e+02 4.950700000000000000e+04 1.000000000000000000e+06
6.963207939763883587e+02 4.937700000000000000e+04 1.000000000000000000e+06
7.292496916841444090e+02 5.048300000000000000e+04 1.000000000000000000e+06
7.637357916378026630e+02 5.015100000000000000e+04 1.000000000000000000e+06
7.998527336796707914e+02 5.081700000000000000e+04 1.000000000000000000e+06
8.376776400682924759e+02 5.119700000000000000e+04 1.000000000000000000e+06
8.772912801613356351e+02 5.125500000000000000e+04 1.000000000000000000e+06
9.187782428863339419e+02 5.121500000000000000e+04 1.000000000000000000e+06
9.622271173675134150e+02 5.140600000000000000e+04 1.000000000000000000e+06
1.007730682094461713e+03 5.176000000000000000e+04 1.000000000000000000e+06
1.055386103036523082e+03 5.209700000000000000e+04 1.000000000000000000e+06
1.105295141126022145e+03 5.225400000000000000e+04 1.000000000000000000e+06
1.157564369553303550e+03 5.220400000000000000e+04 1.000000000000000000e+06
1.212305401337652711e+03 5.284200000000000000e+04 1.000000000000000000e+06
1.269635127659972795e+03 5.346800000000000000e+04 1.000000000000000000e+06
1.329675967466212569e+03 5.298200000000000000e+04 1.000000000000000000e+06
1.392556128874463411e+03 5.359300000000000000e+04 1.000000000000000000e+06
1.458409882943986304e+03 5.333700000000000000e+04 1.000000000000000000e+06
1.527377850390714002e+03 5.342100000000000000e+04 1.000000000000000000e+06
1.599607301861487940e+03 5.367400000000000000e+04 1.000000000000000000e+06
1.675252472408215453e+03 5.405800000000000000e+04 1.000000000000000000e+06
1.754474890833459767e+03 5.447400000000000000e+04 1.000000000000000000e+06
1.837443724610726804e+03 5.413800000000000000e+04 1.000000000000000000e+06
1.924336141115980126e+03 5.457100000000000000e+04 1.000000000000000000e+06
2.015337685941733071e+03 5.448500000000000000e+04 1.000000000000000000e+06
2.110642679101554677e+03 5.522900000000000000e+04 1.000000000000000000e+06
2.210454629971021404e+03 5.450700000000000000e+04 1.000000000000000000e+06
2.314986671851160736e+03 5.476800000000000000e+04 1.000000000000000000e+06
2.424462017082328202e+03 5.504100000000000000e+04 1.000000000000000000e+06
2.539114433680347247e+03 5.548500000000000000e+04 1.000000000000000000e+06
2.659188744512693575e+03 5.521900000000000000e+04 1.000000000000000000e+06
2.784941350080644042e+03 5.517900000000000000e+04 1.000000000000000000e+06
2.916640776023706621e+03 5.513900000000000000e+04 1.000000000000000000e+06
3.054568246515431838e+03 5.555000000000000000e+04 1.000000000000000000e+06
3.199018284775067059e+03 5.580900000000000000e+04 1.000000000000000000e+06
3.350299341977229687e+03 5.615000000000000000e+04 1.000000000000000000e+06
3.508734455902715126e+03 5.590700000000000000e+04 1.000000000000000000e+06
3.674661940736687939e+03 5.603300000000000000e+04 1.000000000000000000e+06
3.848436109487432986e+03 5.577200000000000000e+04 1.000000000000000000e+06
4.030428030568050417e+03 5.603300000000000000e+04 1.000000000000000000e+06
4.221026320156903239e+03 5.623200000000000000e+04 1.000000000000000000e+06
4.420637972028530385e+03 5.572000000000000000e+04 1.000000000000000000e+06
4.629689226627267999e+03 5.643100000000000000e+04 1.000000000000000000e+06
4.848626481239078203e+03 5.634600000000000000e+04 1.000000000000000000e+06
5.077917243205403793e+03 5.668700000000000000e+04 1.000000000000000000e+06
5.318051128214196979e+03 5.633700000000000000e+04 1.000000000000000000e+06
5.569540905800135988e+03 5.664500000000000000e+04 1.000000000000000000e+06
5.832923594286206026e+03 5.645300000000000000e+04 1.000000000000000000e+06
6.108761607505040047e+03 5.708300000000000000e+04 1.000000000000000000e+06
6.397643955748430017e+03 5.665000000000000000e+04 1.000000000000000000e+06
6.700187503509589988e+03 5.669200000000000000e+04 1.000000000000000000e+06
7.017038286703829726e+03 5.684500000000000000e+04 1.000000000000000000e+06
7.348872892180387680e+03 5.664900000000000000e+04 1.000000000000000000e+06
7.696399902471158384e+03 5.658600000000000000e+04 1.000000000000000000e+06
8.060361408861344898e+03 5.668500000000000000e+04 1.000000000000000000e+06
8.441534596012985276e+03 5.704000000000000000e+04 1.000000000000000000e+06
8.840733401525063528e+03 5.719600000000000000e+04 1.000000000000000000e+06
9.258810253973953877e+03 5.721300000000000000e+04 1.000000000000000000e+06
9.696657893145520575e+03 5.718300000000000000e+04 1.000000000000000000e+06
1.015521127634569166e+04 5.706600000000000000e+04 1.000000000000000000e+06
1.063544957486011117e+04 5.742800000000000000e+04 1.000000000000000000e+06
1.113839826482618264e+04 5.719000000000000000e+04 1.000000000000000000e+06
1.166513131698196230e+04 5.737500000000000000e+04 1.000000000000000000e+06
1.221677348996793080e+04 5.772400000000000000e+04 1.000000000000000000e+06
1.279450273207873397e+04 5.753200000000000000e+04 1.000000000000000000e+06
1.339955269659337137e+04 5.750300000000000000e+04 1.000000000000000000e+06
1.403321537605484627e+04 5.722400000000000000e+04 1.000000000000000000e+06
1.469684386112447464e+04 5.766300000000000000e+04 1.000000000000000000e+06
1.539185522990205391e+04 5.763700000000000000e+04 1.000000000000000000e+06
1.611973357388155455e+04 5.756200000000000000e+04 1.000000000000000000e+06
1.688203316700362848e+04 5.758000000000000000e+04 1.000000000000000000e+06
1.768038178457208778e+04 5.751900000000000000e+04 1.000000000000000000e+06
1.851648417912154036e+04 5.793900000000000000e+04 1.000000000000000000e+06
1.939212572065831046e+04 5.759900000000000000e+04 1.000000000000000000e+06
2.030917620904738942e+04 5.779100000000000000e+04 1.000000000000000000e+06
2.126959386668691877e+04 5.808200000000000000e+04 1.000000000000000000e+06
2.227542951999556317e+04 5.808900000000000000e+04 1.000000000000000000e+06
2.332883097864158481e+04 5.804200000000000000e+04 1.000000000000000000e+06
2.443204762186491644e+04 5.795000000000000000e+04 1.000000000000000000e+06
2.558743520168589021e+04 5.792300000000000000e+04 1.000000000000000000e+06
2.679746087325689587e+04 5.799700000000000000e+04 1.000000000000000000e+06
2.806470846309838817e+04 5.803500000000000000e+04 1.000000000000000000e+06
2.939188398646890346e+04 5.813000000000000000e+04 1.000000000000000000e+06
3.078182142565079994e+04 5.778700000000000000e+04 1.000000000000000000e+06
3.223748878149026859e+04 5.858600000000000000e+04 1.000000000000000000e+06
3.376199441111340275e+04 5.884300000000000000e+04 1.000000000000000000e+06
3.535859366535182926e+04 5.851300000000000000e+04 1.000000000000000000e+06
3.703069584005141223e+04 5.853400000000000000e+04 1.000000000000000000e+06
3.878187145610719745e+04 5.867700000000000000e+04 1.000000000000000000e+06
4.061585988376979367e+04 5.890800000000000000e+04 1.000000000000000000e+06
4.253657732750391733e+04 5.882700000000000000e+04 1.000000000000000000e+06
4.454812518844988517e+04 5.855700000000000000e+04 1.000000000000000000e+06
4.665479882234468096e+04 5.855200000000000000e+04 1.000000000000000000e+06
4.886109671160326252e+04 5.875600000000000000e+04 1.000000000000000000e+06
5.117173007114609936e+04 5.883100000000000000e+04 1.000000000000000000e+06
5.359163290848514589e+04 5.969400000000000000e+04 1.000000000000000000e+06
5.612597255954965658e+04 5.947400000000000000e+04 1.000000000000000000e+06
5.878016072274911858e+04 5.922900000000000000e+04 1.000000000000000000e+06
6.155986501483514439e+04 5.936800000000000000e+04 1.000000000000000000e+06
6.447102107323869859e+04 5.896900000000000000e+04 1.000000000000000000e+06
6.751984523072493903e+04 5.919100000000000000e+04 1.000000000000000000e+06
7.071284778942995763e+04 5.946200000000000000e+04 1.000000000000000000e+06
7.405684692262441968e+04 5.919000000000000000e+04 1.000000000000000000e+06
7.755898323389001598e+04 5.948600000000000000e+04 1.000000000000000000e+06
8.122673500479719951e+04 5.960800000000000000e+04 1.000000000000000000e+06
8.506793416364170844e+04 5.928800000000000000e+04 1.000000000000000000e+06
8.909078300934142317e+04 5.973200000000000000e+04 1.000000000000000000e+06
9.330387172620360798e+04 6.004000000000000000e+04 1.000000000000000000e+06
9.771619672696181806e+04 5.929100000000000000e+04 1.000000000000000000e+06
1.023371798632521241e+05 6.022700000000000000e+04 1.000000000000000000e+06
1.071766885445503431e+05 6.008700000000000000e+04 1.000000000000000000e+06
1.122450568085305858e+05 6.003100000000000000e+04 1.000000000000000000e+06
1.175531073878369934e+05 6.019200000000000000e+04 1.000000000000000000e+06
1.231121748203892057e+05 6.032100000000000000e+04 1.000000000000000000e+06
1.289341296525715734e+05 6.009600000000000000e+04 1.000000000000000000e+06
1.350314037869872118e+05 6.025600000000000000e+04 1.000000000000000000e+06
1.414170170289023954e+05 6.052400000000000000e+04 1.000000000000000000e+06
1.481046048880676972e+05 6.042200000000000000e+04 1.000000000000000000e+06
1.551084476952840632e+05 6.071900000000000000e+04 1.000000000000000000e+06
1.624435010958865460e+05 6.068100000000000000e+04 1.000000000000000000e+06
1.701254279852589243e+05 6.078500000000000000e+04 1.000000000000000000e+06
1.781706319545732404e+05 6.055800000000000000e+04 1.000000000000000000e+06
1.865962923181745864e+05 6.054600000000000000e+04 1.000000000000000000e+06
1.954204007974051347e+05 6.073900000000000000e+04 1.000000000000000000e+06
2.046617999391989724e+05 6.063700000000000000e+04 1.000000000000000000e+06
2.143402233514858817e+05 6.096600000000000000e+04 1.000000000000000000e+06
2.244763378413223836e+05 6.119200000000000000e+04 1.000000000000000000e+06
2.350917875457284390e+05 6.106300000000000000e+04 1.000000000000000000e+06
2.462092401494625374e+05 6.150700000000000000e+04 1.000000000000000000e+06
2.578524352884276304e+05 6.121200000000000000e+04 1.000000000000000000e+06
2.700462352420681855e+05 6.128500000000000000e+04 1.000000000000000000e+06
2.828166780230029253e+05 6.157600000000000000e+04 1.000000000000000000e+06
2.961910329772553523e+05 6.165900000000000000e+04 1.000000000000000000e+06
3.101978590138099971e+05 6.153800000000000000e+04 1.000000000000000000e+06
3.248670655878374819e+05 6.166400000000000000e+04 1.000000000000000000e+06
3.402299765678071417e+05 6.169600000000000000e+04 1.000000000000000000e+06
3.563193971228591399e+05 6.175200000000000000e+04 1.000000000000000000e+06
3.731696837732755812e+05 6.233100000000000000e+04 1.000000000000000000e+06
3.908168177536264411e+05 6.219800000000000000e+04 1.000000000000000000e+06
4.092984818452442414e+05 6.244000000000000000e+04 1.000000000000000000e+06
4.286541408420933876e+05 6.232200000000000000e+04 1.000000000000000000e+06
4.489251258218607400e+05 6.241500000000000000e+04 1.000000000000000000e+06
4.701547224022129667e+05 6.211500000000000000e+04 1.000000000000000000e+06
4.923882631706741522e+05 6.256300000000000000e+04 1.000000000000000000e+06
5.156732244854973978e+05 6.297900000000000000e+04 1.000000000000000000e+06
5.400593278542374028e+05 6.287200000000000000e+04 1.000000000000000000e+06
5.655986461065001786e+05 6.310200000000000000e+04 1.000000000000000000e+06
5.923457145875806455e+05 6.318500000000000000e+04 1.000000000000000000e+06
6.203576476104280446e+05 6.281000000000000000e+04 1.000000000000000000e+06
6.496942604146124795e+05 6.307700000000000000e+04 1.000000000000000000e+06
6.804181968927093549e+05 6.367700000000000000e+04 1.000000000000000000e+06
7.125950633568410994e+05 6.302100000000000000e+04 1.000000000000000000e+06
7.462935686310144374e+05 6.371300000000000000e+04 1.000000000000000000e+06
7.815856707684090361e+05 6.317400000000000000e+04 1.000000000000000000e+06
8.185467307069021044e+05 6.349000000000000000e+04 1.000000000000000000e+06
8.572556731909324881e+05 6.399000000000000000e+04 1.000000000000000000e+06
8.977951553033331875e+05 6.405700000000000000e+04 1.000000000000000000e+06
9.402517429670132697e+05 6.435800000000000000e+04 1.000000000000000000e+06
9.847160957933764439e+05 6.453300000000000000e+04 1.000000000000000000e+06
1.031283160672184778e+06 6.448000000000000000e+04 1.000000000000000000e+06
1.080052374516254058e+06 6.439300000000000000e+04 1.000000000000000000e+06
1.131127876593921334e+06 6.466700000000000000e+04 1.000000000000000000e+06
1.184618730902684852e+06 6.487300000000000000e+04 1.000000000000000000e+06
1.240639159058831865e+06 6.488500000000000000e+04 1.000000000000000000e+06
1.299308784200417111e+06 6.480100000000000000e+04 1.000000000000000000e+06
1.360752886424333090e+06 6.512500000000000000e+04 1.000000000000000000e+06
1.425102670302999206e+06 6.482800000000000000e+04 1.000000000000000000e+06
1.492495545051829191e+06 6.550600000000000000e+04 1.000000000000000000e+06
1.563075417945817346e+06 6.548900000000000000e+04 1.000000000000000000e+06
1.636993001611701911e+06 6.554900000000000000e+04 1.000000000000000000e+06
1.714406135851972038e+06 6.585000000000000000e+04 1.000000000000000000e+06
1.795480124687830452e+06 6.538900000000000000e+04 1.000000000000000000e+06
1.880388089340916602e+06 6.628100000000000000e+04 1.000000000000000000e+06
1.969311337907421868e+06 6.625100000000000000e+04 1.000000000000000000e+06
2.062439752514092717e+06 6.654100000000000000e+04 1.000000000000000000e+06
2.159972194782717153e+06 6.634600000000000000e+04 1.000000000000000000e+06
2.262116930469026323e+06 6.655600000000000000e+04 1.000000000000000000e+06
2.369092074182631914e+06 6.688300000000000000e+04 1.000000000000000000e+06
2.481126055137770250e+06 6.668400000000000000e+04 1.000000000000000000e+06
2.598458104929246940e+06 6.664500000000000000e+04 1.000000000000000000e+06
2.721338768375308719e+06 6.679800000000000000e+04 1.000000000000000000e+06
2.850030438518105075e+06 6.707900000000000000e+04 1.000000000000000000e+06
2.984807916924327612e+06 6.731300000000000000e+04 1.000000000000000000e+06
3.125959000482284464e+06 6.746400000000000000e+04 1.000000000000000000e+06
3.273785095948576927e+06 6.777000000000000000e+04 1.000000000000000000e+06
3.428601863556590397e+06 6.849600000000000000e+04 1.000000000000000000e+06
3.590739891061055008e+06 6.798300000000000000e+04 1.000000000000000000e+06
3.760545399658175651e+06 6.802100000000000000e+04 1.000000000000000000e+06
3.938380983288488816e+06 6.837700000000000000e+04 1.000000000000000000e+06
4.124626382901356556e+06 6.870900000000000000e+04 1.000000000000000000e+06
4.319679297334173694e+06 6.892900000000000000e+04 1.000000000000000000e+06
4.523956232538058423e+06 6.915900000000000000e+04 1.000000000000000000e+06
4.737893390963143669e+06 6.883800000000000000e+04 1.000000000000000000e+06
4.961947603002907708e+06 6.925500000000000000e+04 1.000000000000000000e+06
5.196597302486197092e+06 6.921200000000000000e+04 1.000000000000000000e+06
5.442343548300271854e+06 6.935400000000000000e+04 1.000000000000000000e+06
5.699711094326075166e+06 6.949700000000000000e+04 1.000000000000000000e+06
5.969249509970739484e+06 7.023400000000000000e+04 1.000000000000000000e+06
6.251534353689711541e+06 7.015300000000000000e+04 1.000000000000000000e+06
6.547168402004742995e+06 7.025500000000000000e+04 1.000000000000000000e+06
6.856782936641737819e+06 7.049200000000000000e+04 1.000000000000000000e+06
7.181039092537356541e+06 7.040900000000000000e+04 1.000000000000000000e+06
7.520629269592407160e+06 7.051200000000000000e+04 1.000000000000000000e+06
7.876278611187063158e+06 7.115600000000000000e+04 1.000000000000000000e+06
8.248746552614580840e+06 7.116000000000000000e+04 1.000000000000000000e+06
8.638828442740453407e+06 7.083800000000000000e+04 1.000000000000000000e+06
9.047357242349293083e+06 7.095500000000000000e+04 1.000000000000000000e+06
9.475205302806546912e+06 7.146700000000000000e+04 1.000000000000000000e+06
9.923286228832544759e+06 7.120700000000000000e+04 1.000000000000000000e+06
1.039255682936713099e+07 7.207600000000000000e+04 1.000000000000000000e+06
1.088401916069005430e+07 7.224800000000000000e+04 1.000000000000000000e+06
1.139872266616052575e+07 7.226300000000000000e+04 1.000000000000000000e+06
1.193776641714435816e+07 7.247300000000000000e+04 1.000000000000000000e+06
1.250230145991455950e+07 7.278500000000000000e+04 1.000000000000000000e+06
1.309353327353609540e+07 7.308800000000000000e+04 1.000000000000000000e+06
1.371272434398400784e+07 7.303800000000000000e+04 1.000000000000000000e+06
1.436119685999080166e+07 7.311200000000000000e+04 1.000000000000000000e+06
1.504033553638025187e+07 7.289900000000000000e+04 1.000000000000000000e+06
1.575159057091624476e+07 7.332600000000000000e+04 1.000000000000000000e+06
1.649648074098020606e+07 7.377600000000000000e+04 1.000000000000000000e+06
1.727659664669038355e+07 7.465300000000000000e+04 1.000000000000000000e+06
1.809360410738716647e+07 7.453000000000000000e+04 1.000000000000000000e+06
1.894924771873823553e+07 7.422200000000000000e+04 1.000000000000000000e+06
1.984535457805803046e+07 7.445900000000000000e+04 1.000000000000000000e+06
2.078383818579759449e+07 7.460100000000000000e+04 1.000000000000000000e+06
2.176670253153458983e+07 7.516800000000000000e+04 1.000000000000000000e+06
2.279604637318982184e+07 7.482700000000000000e+04 1.000000000000000000e+06
2.387406771860646829e+07 7.530900000000000000e+04 1.000000000000000000e+06
2.500306851906326413e+07 7.542600000000000000e+04 1.000000000000000000e+06
2.618545958474232629e+07 7.600000000000000000e+04 1.000000000000000000e+06
2.742376573264952376e+07 7.604900000000000000e+04 1.000000000000000000e+06
2.872063117797828093e+07 7.621300000000000000e+04 1.000000000000000000e+06
3.007882518043101951e+07 7.619300000000000000e+04 1.000000000000000000e+06
3.150124795755327865e+07 7.641100000000000000e+04 1.000000000000000000e+06
3.299093687770942599e+07 7.694900000000000000e+04 1.000000000000000000e+06
3.455107294592218101e+07 7.668200000000000000e+04 1.000000000000000000e+06
3.618498759642750025e+07 7.746200000000000000e+04 1.000000000000000000e+06
3.789616980644715577e+07 7.709800000000000000e+04 1.000000000000000000e+06
3.968827354637166113e+07 7.791100000000000000e+04 1.000000000000000000e+06
4.156512558225987852e+07 7.784200000000000000e+04 1.000000000000000000e+06
4.353073364731892198e+07 7.813400000000000000e+04 1.000000000000000000e+06
4.558929499981059134e+07 7.808100000000000000e+04 1.000000000000000000e+06
4.774520538566131145e+07 7.870900000000000000e+04 1.000000000000000000e+06
5.000306842491089553e+07 7.876400000000000000e+04 1.000000000000000000e+06
5.236770544204655290e+07 7.897500000000000000e+04 1.000000000000000000e+06
5.484416576121015102e+07 7.904200000000000000e+04 1.000000000000000000e+06
5.743773748826587200e+07 7.940400000000000000e+04 1.000000000000000000e+06
6.015395880274832249e+07 7.979600000000000000e+04 1.000000000000000000e+06
6.299862978380693495e+07 7.995900000000000000e+04 1.000000000000000000e+06
6.597782479539546371e+07 8.014600000000000000e+04 1.000000000000000000e+06
6.909790545715644956e+07 8.029900000000000000e+04 1.000000000000000000e+06
7.236553422869664431e+07 8.081600000000000000e+04 1.000000000000000000e+06
7.578768863625930250e+07 8.068300000000000000e+04 1.000000000000000000e+06
7.937167617217558622e+07 8.073900000000000000e+04 1.000000000000000000e+06
8.312514989890632033e+07 8.125900000000000000e+04 1.000000000000000000e+06
8.705612479099874198e+07 8.149800000000000000e+04 1.000000000000000000e+06
9.117299484984922409e+07 8.196000000000000000e+04 1.000000000000000000e+06
9.548455102782303095e+07 8.187100000000000000e+04 1.000000000000000000e+06
1.000000000000000000e+08 8.223800000000000000e+04 1.000000000000000000e+06
