#Energy: GeV, NMuons(above 10GeV), Total Events
1.000000000000000000e+01 0.000000000000000000e+00 1.000000000000000000e+06
1.047266729235349914e+01 0.000000000000000000e+00 1.000000000000000000e+06
1.096767602163307487e+01 0.000000000000000000e+00 1.000000000000000000e+06
1.148608219448865064e+01 0.000000000000000000e+00 1.000000000000000000e+06
1.202899173155051926e+01 0.000000000000000000e+00 1.000000000000000000e+06
1.259756282669997951e+01 0.000000000000000000e+00 1.000000000000000000e+06
1.319300841785491585e+01 0.000000000000000000e+00 1.000000000000000000e+06
1.381659877454135454e+01 0.000000000000000000e+00 1.000000000000000000e+06
1.446966420777107487e+01 0.000000000000000000e+00 1.000000000000000000e+06
1.515359790800622264e+01 0.000000000000000000e+00 1.000000000000000000e+06
1.586985891726531683e+01 1.500000000000000000e+01 1.000000000000000000e+06
1.661997524171090035e+01 4.600000000000000000e+01 1.000000000000000000e+06
1.740554711135906629e+01 9.900000000000000000e+01 1.000000000000000000e+06
1.822825039386481194e+01 1.810000000000000000e+02 1.000000000000000000e+06
1.908984016966576647e+01 3.380000000000000000e+02 1.000000000000000000e+06
1.999215447611147312e+01 5.040000000000000000e+02 1.000000000000000000e+06
2.093711822856512228e+01 7.370000000000000000e+02 1.000000000000000000e+06
2.192674732684321981e+01 1.032000000000000000e+03 1.000000000000000000e+06
2.296315295575305981e+01 1.359000000000000000e+03 1.000000000000000000e+06
2.404854608890255108e+01 1.765000000000000000e+03 1.000000000000000000e+06
2.518524220539055136e+01 2.156000000000000000e+03 1.000000000000000000e+06
2.637566622943945305e+01 2.604000000000000000e+03 1.000000000000000000e+06
2.762235770350832809e+01 3.108000000000000000e+03 1.000000000000000000e+06
2.892797620592203600e+01 3.642000000000000000e+03 1.000000000000000000e+06
3.029530702457399371e+01 4.192000000000000000e+03 1.000000000000000000e+06
3.172726709880634033e+01 4.757000000000000000e+03 1.000000000000000000e+06
3.322691124214324532e+01 5.367000000000000000e+03 1.000000000000000000e+06
3.479743865915263257e+01 5.938000000000000000e+03 1.000000000000000000e+06
3.644219977033849034e+01 6.485000000000000000e+03 1.000000000000000000e+06
3.816470335962360849e+01 7.114000000000000000e+03 1.000000000000000000e+06
3.996862405967040388e+01 7.680000000000000000e+03 1.000000000000000000e+06
4.185781019100834044e+01 8.250000000000000000e+03 1.000000000000000000e+06
4.383629197169139502e+01 8.868000000000000000e+03 1.000000000000000000e+06
4.590829011499907608e+01 9.457000000000000000e+03 1.000000000000000000e+06
4.807822483352261855e+01 1.003300000000000000e+04 1.000000000000000000e+06
5.035072526884503219e+01 1.064200000000000000e+04 1.000000000000000000e+06
5.273063936693102249e+01 1.120900000000000000e+04 1.000000000000000000e+06
5.522304422029462501e+01 1.177400000000000000e+04 1.000000000000000000e+06
5.783325689900704702e+01 1.229200000000000000e+04 1.000000000000000000e+06
6.056684579365083465e+01 1.285100000000000000e+04 1.000000000000000000e+06
6.342964249441855173e+01 1.334600000000000000e+04 1.000000000000000000e+06
6.642775423169723581e+01 1.382900000000000000e+04 1.000000000000000000e+06
6.956757690467927091e+01 1.430300000000000000e+04 1.000000000000000000e+06
7.285580872579213008e+01 1.477000000000000000e+04 1.000000000000000000e+06
7.629946451005658048e+01 1.520600000000000000e+04 1.000000000000000000e+06
7.990589063985565588e+01 1.565800000000000000e+04 1.000000000000000000e+06
8.368278073703913833e+01 1.608300000000000000e+04 1.000000000000000000e+06
8.763819207579796000e+01 1.648800000000000000e+04 1.000000000000000000e+06
9.178056277132029095e+01 1.689200000000000000e+04 1.000000000000000000e+06
9.611872978090030983e+01 1.728800000000000000e+04 1.000000000000000000e+06
1.006619477558999307e+02 1.765500000000000000e+04 1.000000000000000000e+06
1.054199087847809437e+02 1.797700000000000000e+04 1.000000000000000000e+06
1.104027630693265110e+02 1.829300000000000000e+04 1.000000000000000000e+06
1.156211405781589150e+02 1.865300000000000000e+04 1.000000000000000000e+06
1.210861737237489990e+02 1.900100000000000000e+04 1.000000000000000000e+06
1.268095211112939182e+02 1.932100000000000000e+04 1.000000000000000000e+06
1.328033924101258947e+02 1.959600000000000000e+04 1.000000000000000000e+06
1.390805744007112992e+02 1.987700000000000000e+04 1.000000000000000000e+06
1.456544582528065632e+02 2.015300000000000000e+04 1.000000000000000000e+06
1.525390680929636176e+02 2.039900000000000000e+04 1.000000000000000000e+06
1.597490909223264168e+02 2.066000000000000000e+04 1.000000000000000000e+06
1.672999079485452114e+02 2.088300000000000000e+04 1.000000000000000000e+06
1.752076273986481283e+02 2.110300000000000000e+04 1.000000000000000000e+06
1.834891188828682118e+02 2.132700000000000000e+04 1.000000000000000000e+06
1.921620493827375356e+02 2.152800000000000000e+04 1.000000000000000000e+06
2.012449209402212205e+02 2.173000000000000000e+04 1.000000000000000000e+06
2.107571101282921688e+02 2.191100000000000000e+04 1.000000000000000000e+06
2.207189093871510579e+02 2.207800000000000000e+04 1.000000000000000000e+06
2.311515703142751192e+02 2.225500000000000000e+04 1.000000000000000000e+06
2.420773490006460236e+02 2.243200000000000000e+04 1.000000000000000000e+06
2.535195535098709740e+02 2.258100000000000000e+04 1.000000000000000000e+06
2.655025936014886838e+02 2.274900000000000000e+04 1.000000000000000000e+06
2.780520328045335532e+02 2.287900000000000000e+04 1.000000000000000000e+06
2.911946429524441555e+02 2.301500000000000000e+04 1.000000000000000000e+06
3.049584612956615501e+02 2.313500000000000000e+04 1.000000000000000000e+06
3.193728503137523376e+02 2.324900000000000000e+04 1.000000000000000000e+06
3.344685603546545849e+02 2.337000000000000000e+04 1.000000000000000000e+06
3.502777952346754660e+02 2.348100000000000000e+04 1.000000000000000000e+06
3.668342809391880337e+02 2.360200000000000000e+04 1.000000000000000000e+06
3.841733375705850904e+02 2.370500000000000000e+04 1.000000000000000000e+06
4.023319546969747762e+02 2.381600000000000000e+04 1.000000000000000000e+06
4.213488702623654945e+02 2.391300000000000000e+04 1.000000000000000000e+06
4.412646532266770691e+02 2.399100000000000000e+04 1.000000000000000000e+06
4.621217901118736791e+02 2.406900000000000000e+04 1.000000000000000000e+06
4.839647756388465041e+02 2.414700000000000000e+04 1.000000000000000000e+06
5.068402076484144345e+02 2.420600000000000000e+04 1.000000000000000000e+06
5.307968865089208066e+02 2.428000000000000000e+04 1.000000000000000000e+06
5.558859192225049810e+02 2.435500000000000000e+04 1.000000000000000000e+06
5.821608284521383894e+02 2.441000000000000000e+04 1.000000000000000000e+06
6.096776667020128571e+02 2.447800000000000000e+04 1.000000000000000000e+06
6.384951358948570714e+02 2.453300000000000000e+04 1.000000000000000000e+06
6.686747126012868421e+02 2.458600000000000000e+04 1.000000000000000000e+06
7.002807791883368509e+02 2.463400000000000000e+04 1.000000000000000000e+06
7.333807611669521975e+02 2.467100000000000000e+04 1.000000000000000000e+06
7.680452710314457363e+02 2.471400000000000000e+04 1.000000000000000000e+06
8.043482588977794876e+02 2.477600000000000000e+04 1.000000000000000000e+06
8.423671702620263204e+02 2.481800000000000000e+04 1.000000000000000000e+06
8.821831112155498431e+02 2.485200000000000000e+04 1.000000000000000000e+06
9.238810214693733087e+02 2.488800000000000000e+04 1.000000000000000000e+06
9.675498555568450456e+02 2.491300000000000000e+04 1.000000000000000000e+06
1.013282772601151805e+03 2.494700000000000000e+04 1.000000000000000000e+06
1.061177335052535454e+03 2.497900000000000000e+04 1.000000000000000000e+06
1.111335716819154413e+03 2.501300000000000000e+04 1.000000000000000000e+06
1.163864921235618340e+03 2.504400000000000000e+04 1.000000000000000000e+06
1.218877009334184550e+03 2.506600000000000000e+04 1.000000000000000000e+06
1.276489338905575778e+03 2.508900000000000000e+04 1.000000000000000000e+06
1.336824814859437083e+03 2.510800000000000000e+04 1.000000000000000000e+06
1.400012151418495478e+03 2.513100000000000000e+04 1.000000000000000000e+06
1.466186146705792453e+03 2.514600000000000000e+04 1.000000000000000000e+06
1.535487970310756737e+03 2.515900000000000000e+04 1.000000000000000000e+06
1.608065464447571458e+03 2.516700000000000000e+04 1.000000000000000000e+06
1.684073459348332563e+03 2.518300000000000000e+04 1.000000000000000000e+06
1.763674103563788321e+03 2.518800000000000000e+04 1.000000000000000000e+06
1.847037209876337329e+03 2.519500000000000000e+04 1.000000000000000000e+06
1.934340617563179194e+03 2.520500000000000000e+04 1.000000000000000000e+06
2.025770571782476281e+03 2.521100000000000000e+04 1.000000000000000000e+06
2.121522120891859231e+03 2.521800000000000000e+04 1.000000000000000000e+06
2.221799532546859155e+03 2.522900000000000000e+04 1.000000000000000000e+06
2.326816729466979268e+03 2.523300000000000000e+04 1.000000000000000000e+06
2.436797745798978667e+03 2.523500000000000000e+04 1.000000000000000000e+06
2.551977205050968678e+03 2.523600000000000000e+04 1.000000000000000000e+06
2.672600820616899000e+03 2.523800000000000000e+04 1.000000000000000000e+06
2.798925919959170187e+03 2.523900000000000000e+04 1.000000000000000000e+06
2.931221993567684422e+03 2.523900000000000000e+04 1.000000000000000000e+06
3.069771269866351759e+03 2.524100000000000000e+04 1.000000000000000000e+06
3.214869317293579115e+03 2.524100000000000000e+04 1.000000000000000000e+06
3.366825674841130422e+03 2.524100000000000000e+04 1.000000000000000000e+06
3.525964512396468308e+03 2.524100000000000000e+04 1.000000000000000000e+06
3.692625322297366438e+03 2.524200000000000000e+04 1.000000000000000000e+06
3.867163643573994705e+03 2.524200000000000000e+04 1.000000000000000000e+06
4.049951820423593290e+03 2.524200000000000000e+04 1.000000000000000000e+06
4.241379796535769856e+03 2.524200000000000000e+04 1.000000000000000000e+06
4.441855946962907183e+03 2.524200000000000000e+04 1.000000000000000000e+06
4.651807949310433287e+03 2.524200000000000000e+04 1.000000000000000000e+06
4.871683696105340459e+03 2.524200000000000000e+04 1.000000000000000000e+06
5.101952250289416952e+03 2.524200000000000000e+04 1.000000000000000000e+06
5.343104845875533101e+03 2.524200000000000000e+04 1.000000000000000000e+06
5.595655935901614612e+03 2.524200000000000000e+04 1.000000000000000000e+06
5.860144289918057439e+03 2.524200000000000000e+04 1.000000000000000000e+06
6.137134143349699116e+03 2.524200000000000000e+04 1.000000000000000000e+06
6.427216401184427014e+03 2.524200000000000000e+04 1.000000000000000000e+06
6.731009898556214466e+03 2.524200000000000000e+04 1.000000000000000000e+06
7.049162720911726865e+03 2.524200000000000000e+04 1.000000000000000000e+06
7.382353586576987254e+03 2.524200000000000000e+04 1.000000000000000000e+06
7.731293294673339005e+03 2.524200000000000000e+04 1.000000000000000000e+06
8.096726241471736103e+03 2.524200000000000000e+04 1.000000000000000000e+06
8.479432008420137208e+03 2.524200000000000000e+04 1.000000000000000000e+06
8.880227025231684820e+03 2.524200000000000000e+04 1.000000000000000000e+06
9.299966311581752962e+03 2.524200000000000000e+04 1.000000000000000000e+06
9.739545301129157451e+03 2.524200000000000000e+04 1.000000000000000000e+06
1.019990175175304648e+04 2.524200000000000000e+04 1.000000000000000000e+06
1.068201774608034611e+04 2.524200000000000000e+04 1.000000000000000000e+06
1.118692178657152181e+04 2.524200000000000000e+04 1.000000000000000000e+06
1.171569098963442775e+04 2.524200000000000000e+04 1.000000000000000000e+06
1.226945338344652555e+04 2.524200000000000000e+04 1.000000000000000000e+06
1.284939031438763232e+04 2.524200000000000000e+04 1.000000000000000000e+06
1.345673896721711208e+04 2.524200000000000000e+04 1.000000000000000000e+06
1.409279500437136630e+04 2.524200000000000000e+04 1.000000000000000000e+06
1.475891533001227072e+04 2.524200000000000000e+04 1.000000000000000000e+06
1.545652098472340731e+04 2.524200000000000000e+04 1.000000000000000000e+06
1.618710017702885671e+04 2.524200000000000000e+04 1.000000000000000000e+06
1.695221145820195306e+04 2.524200000000000000e+04 1.000000000000000000e+06
1.775348704713717234e+04 2.524200000000000000e+04 1.000000000000000000e+06
1.859263631237752270e+04 2.524200000000000000e+04 1.000000000000000000e+06
1.947144941872595518e+04 2.524200000000000000e+04 1.000000000000000000e+06
2.039180114622071778e+04 2.524200000000000000e+04 1.000000000000000000e+06
2.135565488962026211e+04 2.524200000000000000e+04 1.000000000000000000e+06
2.236506684693145871e+04 2.524200000000000000e+04 1.000000000000000000e+06
2.342219040591590237e+04 2.524200000000000000e+04 1.000000000000000000e+06
2.452928073793112708e+04 2.524200000000000000e+04 1.000000000000000000e+06
2.568869960890878792e+04 2.524200000000000000e+04 1.000000000000000000e+06
2.690292041773135861e+04 2.524200000000000000e+04 1.000000000000000000e+06
2.817453347275641499e+04 2.524200000000000000e+04 1.000000000000000000e+06
2.950625151774547703e+04 2.524200000000000000e+04 1.000000000000000000e+06
3.090091551898493344e+04 2.524200000000000000e+04 1.000000000000000000e+06
3.236150072594519588e+04 2.524200000000000000e+04 1.000000000000000000e+06
3.389112301840800501e+04 2.524200000000000000e+04 1.000000000000000000e+06
3.549304555360108498e+04 2.524200000000000000e+04 1.000000000000000000e+06
3.717068572752106411e+04 2.524200000000000000e+04 1.000000000000000000e+06
3.892762246529606637e+04 2.524200000000000000e+04 1.000000000000000000e+06
4.076760385613919789e+04 2.524200000000000000e+04 1.000000000000000000e+06
4.269455514918122935e+04 2.524200000000000000e+04 1.000000000000000000e+06
4.471258712724135694e+04 2.524200000000000000e+04 1.000000000000000000e+06
4.682600487639673520e+04 2.524200000000000000e+04 1.000000000000000000e+06
4.903931697006242757e+04 2.524200000000000000e+04 1.000000000000000000e+06
5.135724508717293793e+04 2.524200000000000000e+04 1.000000000000000000e+06
5.378473408498182107e+04 2.524200000000000000e+04 1.000000000000000000e+06
5.632696254797191796e+04 2.524200000000000000e+04 1.000000000000000000e+06
5.898935383537668531e+04 2.524200000000000000e+04 1.000000000000000000e+06
6.177758765088165092e+04 2.524200000000000000e+04 1.000000000000000000e+06
6.469761215918893140e+04 2.524200000000000000e+04 1.000000000000000000e+06
6.775565667529110215e+04 2.524200000000000000e+04 1.000000000000000000e+06
7.095824495352536906e+04 2.524200000000000000e+04 1.000000000000000000e+06
7.431220910475924029e+04 2.524200000000000000e+04 1.000000000000000000e+06
7.782470417139471101e+04 2.524200000000000000e+04 1.000000000000000000e+06
8.150322339128519525e+04 2.524200000000000000e+04 1.000000000000000000e+06
8.535561418312926253e+04 2.524200000000000000e+04 1.000000000000000000e+06
8.939009488744035480e+04 2.524200000000000000e+04 1.000000000000000000e+06
9.361527229880717641e+04 2.524200000000000000e+04 1.000000000000000000e+06
9.804016002684838895e+04 2.524200000000000000e+04 1.000000000000000000e+06
1.026741977250277560e+05 2.524200000000000000e+04 1.000000000000000000e+06
1.075272712283535802e+05 2.524200000000000000e+04 1.000000000000000000e+06
1.126097336429201241e+05 2.524000000000000000e+04 1.000000000000000000e+06
1.179324274322848360e+05 2.524200000000000000e+04 1.000000000000000000e+06
1.235067075477943872e+05 2.524000000000000000e+04 1.000000000000000000e+06
1.293444656522054429e+05 2.524200000000000000e+04 1.000000000000000000e+06
1.354581554882791825e+05 2.524000000000000000e+04 1.000000000000000000e+06
1.418608194464635162e+05 2.524200000000000000e+04 1.000000000000000000e+06
1.485661163883445843e+05 2.524200000000000000e+04 1.000000000000000000e+06
1.555883507852198672e+05 2.524200000000000000e+04 1.000000000000000000e+06
1.629425032339594036e+05 2.524200000000000000e+04 9.999990000000000000e+05
1.706442624152493372e+05 2.524200000000000000e+04 1.000000000000000000e+06
1.787100585623968218e+05 2.524200000000000000e+04 1.000000000000000000e+06
1.871570985120990372e+05 2.524200000000000000e+04 1.000000000000000000e+06
1.960034024119444366e+05 2.524200000000000000e+04 9.999990000000000000e+05
2.052678421629570366e+05 2.524200000000000000e+04 9.999990000000000000e+05
2.149701816791979363e+05 2.524200000000000000e+04 9.999980000000000000e+05
2.251311190503024263e+05 2.524200000000000000e+04 9.999960000000000000e+05
2.357723306969047408e+05 2.524200000000000000e+04 9.999980000000000000e+05
2.469165176131425833e+05 2.524000000000000000e+04 9.999960000000000000e+05
2.585874537948983489e+05 2.524200000000000000e+04 9.999930000000000000e+05
2.708100369570807670e+05 2.524200000000000000e+04 9.999870000000000000e+05
2.836103416481460445e+05 2.524200000000000000e+04 9.999930000000000000e+05
2.970156748751738342e+05 2.524200000000000000e+04 9.999840000000000000e+05
3.110546343581532710e+05 2.524400000000000000e+04 9.999840000000000000e+05
3.257571695377613069e+05 2.524000000000000000e+04 9.999770000000000000e+05
3.411546454667764483e+05 2.524200000000000000e+04 9.999710000000000000e+05
3.572799097214361536e+05 2.524200000000000000e+04 9.999600000000000000e+05
3.741673624754701159e+05 2.524200000000000000e+04 9.999600000000000000e+05
3.918530298863029457e+05 2.524400000000000000e+04 9.999560000000000000e+05
4.103746409499900765e+05 2.524200000000000000e+04 9.999440000000000000e+05
4.297717079888278386e+05 2.524400000000000000e+04 9.999330000000000000e+05
4.500856109433493693e+05 2.524300000000000000e+04 9.999240000000000000e+05
4.713596856485354365e+05 2.524400000000000000e+04 9.999100000000000000e+05
4.936393162825441104e+05 2.524200000000000000e+04 9.998760000000000000e+05
5.169720321851951303e+05 2.524100000000000000e+04 9.998710000000000000e+05
5.414076092527409783e+05 2.524100000000000000e+04 9.998570000000000000e+05
5.669981761252481956e+05 2.524200000000000000e+04 9.998450000000000000e+05
5.937983253930984065e+05 2.524200000000000000e+04 9.998140000000000000e+05
6.218652300598578295e+05 2.524300000000000000e+04 9.998130000000000000e+05
6.512587655099752592e+05 2.524400000000000000e+04 9.997960000000000000e+05
6.820416372414844809e+05 2.524200000000000000e+04 9.997620000000000000e+05
7.142795146362121450e+05 2.524200000000000000e+04 9.997210000000000000e+05
7.480411710528786061e+05 2.524200000000000000e+04 9.997190000000000000e+05
7.833986305419286946e+05 2.524500000000000000e+04 9.996960000000000000e+05
8.204273214950991096e+05 2.524200000000000000e+04 9.996560000000000000e+05
8.592062375574909383e+05 2.524600000000000000e+04 9.996120000000000000e+05
8.998181061454439769e+05 2.524400000000000000e+04 9.995710000000000000e+05
9.423495649296874180e+05 2.524500000000000000e+04 9.995580000000000000e+05
9.868913466602682602e+05 2.524600000000000000e+04 9.995230000000000000e+05
1.033538472727568354e+06 2.525000000000000000e+04 9.994600000000000000e+05
1.082390455872301012e+06 2.524500000000000000e+04 9.994130000000000000e+05
1.133551512476943433e+06 2.524400000000000000e+04 9.993680000000000000e+05
1.187130784891511779e+06 2.524900000000000000e+04 9.993310000000000000e+05
1.243242574267926393e+06 2.524000000000000000e+04 9.992710000000000000e+05
1.302006584399709944e+06 2.524700000000000000e+04 9.992240000000000000e+05
1.363548177087172866e+06 2.524300000000000000e+04 9.991520000000000000e+05
1.427998639572906541e+06 2.524500000000000000e+04 9.991200000000000000e+05
1.495495464618049329e+06 2.524200000000000000e+04 9.990380000000000000e+05
1.566182643816843396e+06 2.523800000000000000e+04 9.989710000000000000e+05
1.640210974775237730e+06 2.524300000000000000e+04 9.989380000000000000e+05
1.717738382808787283e+06 2.524400000000000000e+04 9.988170000000000000e+05
1.798930257846180815e+06 2.524700000000000000e+04 9.987340000000000000e+05
1.883959807257073233e+06 2.524100000000000000e+04 9.986460000000000000e+05
1.973008425356974127e+06 2.523700000000000000e+04 9.985950000000000000e+05
2.066266080377389444e+06 2.523800000000000000e+04 9.985080000000000000e+05
2.163931719726773910e+06 2.524800000000000000e+04 9.983580000000000000e+05
2.266213694406883325e+06 2.524100000000000000e+04 9.982660000000000000e+05
2.373330203489858657e+06 2.523500000000000000e+04 9.982290000000000000e+05
2.485509759604290593e+06 2.523600000000000000e+04 9.981130000000000000e+05
2.602991676423324738e+06 2.523600000000000000e+04 9.979390000000000000e+05
2.726026579194693826e+06 2.523300000000000000e+04 9.978160000000000000e+05
2.854876939401860815e+06 2.522800000000000000e+04 9.977160000000000000e+05
2.989817634696811438e+06 2.523700000000000000e+04 9.976160000000000000e+05
3.131136535299098119e+06 2.524200000000000000e+04 9.974300000000000000e+05
3.279135118111996911e+06 2.523600000000000000e+04 9.973530000000000000e+05
3.434129109865921549e+06 2.522700000000000000e+04 9.971920000000000000e+05
3.596449160661185626e+06 2.522400000000000000e+04 9.969950000000000000e+05
3.766441549346864689e+06 2.523100000000000000e+04 9.968570000000000000e+05
3.944468922240612563e+06 2.522100000000000000e+04 9.967500000000000000e+05
4.130911066765409429e+06 2.522300000000000000e+04 9.966090000000000000e+05
4.326165721653518267e+06 2.521500000000000000e+04 9.964190000000000000e+05
4.530649425446174107e+06 2.522400000000000000e+04 9.962830000000000000e+05
4.744798405099028721e+06 2.520000000000000000e+04 9.961270000000000000e+05
4.969069506589162163e+06 2.521900000000000000e+04 9.960110000000000000e+05
5.203941169508753344e+06 2.520900000000000000e+04 9.958010000000000000e+05
5.449914447724610567e+06 2.521400000000000000e+04 9.955810000000000000e+05
5.707514078281028196e+06 2.519200000000000000e+04 9.953480000000000000e+05
5.977289600826093927e+06 2.519500000000000000e+04 9.951870000000000000e+05
6.259816529949610122e+06 2.520400000000000000e+04 9.949590000000000000e+05
6.555697582933701575e+06 2.519700000000000000e+04 9.948290000000000000e+05
6.865563965535063297e+06 2.519900000000000000e+04 9.946770000000000000e+05
7.190076718541994691e+06 2.518200000000000000e+04 9.943560000000000000e+05
7.529928127978707664e+06 2.518700000000000000e+04 9.942220000000000000e+05
7.885843201965518296e+06 2.518600000000000000e+04 9.940340000000000000e+05
8.258581217385259457e+06 2.516300000000000000e+04 9.937730000000000000e+05
8.648937339655550197e+06 2.516900000000000000e+04 9.935890000000000000e+05
9.057744319062551484e+06 2.516800000000000000e+04 9.933910000000000000e+05
9.485874267274703830e+06 2.515800000000000000e+04 9.932580000000000000e+05
9.934240517826564610e+06 2.516800000000000000e+04 9.930870000000000000e+05
1.040379957454150915e+07 2.515700000000000000e+04 9.927490000000000000e+05
1.089555315205020644e+07 2.516400000000000000e+04 9.926200000000000000e+05
1.141055031275754236e+07 2.514800000000000000e+04 9.924490000000000000e+05
1.194988970481698401e+07 2.516100000000000000e+04 9.921680000000000000e+05
1.251472190588685684e+07 2.513600000000000000e+04 9.919600000000000000e+05
1.310625187766813114e+07 2.513100000000000000e+04 9.918590000000000000e+05
1.372574153646015935e+07 2.512400000000000000e+04 9.916280000000000000e+05
1.437451244521841034e+07 2.513400000000000000e+04 9.914150000000000000e+05
1.505394863285670616e+07 2.512400000000000000e+04 9.912290000000000000e+05
1.576549954680883326e+07 2.512000000000000000e+04 9.910900000000000000e+05
1.651068314514786936e+07 2.511900000000000000e+04 9.908740000000000000e+05
1.729108913486021757e+07 2.514100000000000000e+04 9.906980000000000000e+05
1.810838236318198591e+07 2.512200000000000000e+04 9.905210000000000000e+05
1.896430636923268065e+07 2.511600000000000000e+04 9.903860000000000000e+05
1.986068710352341458e+07 2.512400000000000000e+04 9.901940000000000000e+05
2.079943682327369228e+07 2.511300000000000000e+04 9.900510000000000000e+05
2.178255817184712365e+07 2.512100000000000000e+04 9.899330000000000000e+05
2.281214845100906491e+07 2.512000000000000000e+04 9.897060000000000000e+05
2.389040409511950612e+07 2.512900000000000000e+04 9.895700000000000000e+05
2.501962535680665076e+07 2.512100000000000000e+04 9.895110000000000000e+05
2.620222121411670744e+07 2.511800000000000000e+04 9.893050000000000000e+05
2.744071450960908830e+07 2.512000000000000000e+04 9.891750000000000000e+05
2.873774733235936239e+07 2.513200000000000000e+04 9.890120000000000000e+05
3.009608665435187519e+07 2.510100000000000000e+04 9.889080000000000000e+05
3.151863023328673467e+07 2.511000000000000000e+04 9.887730000000000000e+05
3.300841279439259320e+07 2.510500000000000000e+04 9.886490000000000000e+05
3.456861250443385541e+07 2.510500000000000000e+04 9.885690000000000000e+05
3.620255775172264129e+07 2.511700000000000000e+04 9.884790000000000000e+05
3.791373424660041183e+07 2.510200000000000000e+04 9.883640000000000000e+05
3.970579245753554255e+07 2.510600000000000000e+04 9.882980000000000000e+05
4.158255539870085567e+07 2.509000000000000000e+04 9.882020000000000000e+05
4.354802678564515710e+07 2.510200000000000000e+04 9.881010000000000000e+05
4.560639957645607740e+07 2.510400000000000000e+04 9.880040000000000000e+05
4.776206491663558036e+07 2.507900000000000000e+04 9.879160000000000000e+05
5.001962150677137077e+07 2.508500000000000000e+04 9.878690000000000000e+05
5.238388541298658401e+07 2.510600000000000000e+04 9.877950000000000000e+05
5.485990034109789878e+07 2.510000000000000000e+04 9.877170000000000000e+05
5.745294839639881998e+07 2.506500000000000000e+04 9.876310000000000000e+05
6.016856135202389956e+07 2.510300000000000000e+04 9.875730000000000000e+05
6.301253244993064553e+07 2.507900000000000000e+04 9.875560000000000000e+05
6.599092875967518240e+07 2.508600000000000000e+04 9.874780000000000000e+05
6.911010412134797871e+07 2.511600000000000000e+04 9.874380000000000000e+05
7.237671270027866960e+07 2.508400000000000000e+04 9.873720000000000000e+05
7.579772318242740631e+07 2.509700000000000000e+04 9.873340000000000000e+05
7.938043364074717462e+07 2.507000000000000000e+04 9.872510000000000000e+05
8.313248710422897339e+07 2.508700000000000000e+04 9.871940000000000000e+05
8.706188786284591258e+07 2.509200000000000000e+04 9.872060000000000000e+05
9.117701854317739606e+07 2.509700000000000000e+04 9.871720000000000000e+05
9.548665799114418030e+07 2.506900000000000000e+04 9.871150000000000000e+05
1.000000000000000000e+08 2.508500000000000000e+04 9.870990000000000000e+05
