#Energy: GeV, NMuons, Total Events
1.000000000000000000e+02 5.838800000000000000e+04 1.000000000000000000e+06
1.047289838236358577e+02 5.993200000000000000e+04 1.000000000000000000e+06
1.096816005273137904e+02 6.176100000000000000e+04 1.000000000000000000e+06
1.148684256737553540e+02 6.257700000000000000e+04 1.000000000000000000e+06
1.203005349423324191e+02 6.458000000000000000e+04 1.000000000000000000e+06
1.259895277795027226e+02 6.623000000000000000e+04 1.000000000000000000e+06
1.319475521676706080e+02 6.778900000000000000e+04 1.000000000000000000e+06
1.381873305653632258e+02 6.887000000000000000e+04 1.000000000000000000e+06
1.447221870741134353e+02 7.029800000000000000e+04 1.000000000000000000e+06
1.515660758900602900e+02 7.145900000000000000e+04 1.000000000000000000e+06
1.587336111010208697e+02 7.280400000000000000e+04 1.000000000000000000e+06
1.662400978926611970e+02 7.431800000000000000e+04 1.000000000000000000e+06
1.741015652304015475e+02 7.527000000000000000e+04 1.000000000000000000e+06
1.823348000868440408e+02 7.688400000000000000e+04 1.000000000000000000e+06
1.909573832878096766e+02 7.781200000000000000e+04 1.000000000000000000e+06
1.999877270535286868e+02 7.881100000000000000e+04 1.000000000000000000e+06
2.094451143151468671e+02 7.969500000000000000e+04 1.000000000000000000e+06
2.193497398905060152e+02 8.187700000000000000e+04 1.000000000000000000e+06
2.297227536071151235e+02 8.243100000000000000e+04 1.000000000000000000e+06
2.405863054644066779e+02 8.332200000000000000e+04 1.000000000000000000e+06
2.519635929317016121e+02 8.369400000000000000e+04 1.000000000000000000e+06
2.638789104828934455e+02 8.485900000000000000e+04 1.000000000000000000e+06
2.763577014736160322e+02 8.589400000000000000e+04 1.000000000000000000e+06
2.894266124716751847e+02 8.683100000000000000e+04 1.000000000000000000e+06
3.031135501567579240e+02 8.745800000000000000e+04 1.000000000000000000e+06
3.174477409109193218e+02 8.880900000000000000e+04 1.000000000000000000e+06
3.324597932270941669e+02 8.905100000000000000e+04 1.000000000000000000e+06
3.481817630688966574e+02 9.027700000000000000e+04 1.000000000000000000e+06
3.646472223212748531e+02 9.072800000000000000e+04 1.000000000000000000e+06
3.818913304781854094e+02 9.194700000000000000e+04 1.000000000000000000e+06
3.999509097203665533e+02 9.269700000000000000e+04 1.000000000000000000e+06
4.188645235435270706e+02 9.307200000000000000e+04 1.000000000000000000e+06
4.386725591048498814e+02 9.386600000000000000e+04 1.000000000000000000e+06
4.594173134636476448e+02 9.504300000000000000e+04 1.000000000000000000e+06
4.811430839003259621e+02 9.522700000000000000e+04 1.000000000000000000e+06
5.038962625065150291e+02 9.659600000000000000e+04 1.000000000000000000e+06
5.277254352483537332e+02 9.676000000000000000e+04 1.000000000000000000e+06
5.526814857144603366e+02 9.698800000000000000e+04 1.000000000000000000e+06
5.788177037701274230e+02 9.855700000000000000e+04 1.000000000000000000e+06
6.061898993497571837e+02 9.800300000000000000e+04 1.000000000000000000e+06
6.348565216305216836e+02 9.878100000000000000e+04 1.000000000000000000e+06
6.648787838417263174e+02 9.924700000000000000e+04 1.000000000000000000e+06
6.963207939763883587e+02 9.993300000000000000e+04 1.000000000000000000e+06
7.292496916841444090e+02 1.007240000000000000e+05 1.000000000000000000e+06
7.637357916378026630e+02 1.009800000000000000e+05 1.000000000000000000e+06
7.998527336796707914e+02 1.009760000000000000e+05 1.000000000000000000e+06
8.376776400682924759e+02 1.015180000000000000e+05 1.000000000000000000e+06
8.772912801613356351e+02 1.022100000000000000e+05 1.000000000000000000e+06
9.187782428863339419e+02 1.025060000000000000e+05 1.000000000000000000e+06
9.622271173675134150e+02 1.038070000000000000e+05 1.000000000000000000e+06
1.007730682094461713e+03 1.039320000000000000e+05 1.000000000000000000e+06
1.055386103036523082e+03 1.038250000000000000e+05 1.000000000000000000e+06
1.105295141126022145e+03 1.044300000000000000e+05 1.000000000000000000e+06
1.157564369553303550e+03 1.045170000000000000e+05 1.000000000000000000e+06
1.212305401337652711e+03 1.052290000000000000e+05 1.000000000000000000e+06
1.269635127659972795e+03 1.055640000000000000e+05 1.000000000000000000e+06
1.329675967466212569e+03 1.053110000000000000e+05 1.000000000000000000e+06
1.392556128874463411e+03 1.057460000000000000e+05 1.000000000000000000e+06
1.458409882943986304e+03 1.057870000000000000e+05 1.000000000000000000e+06
1.527377850390714002e+03 1.056640000000000000e+05 1.000000000000000000e+06
1.599607301861487940e+03 1.071280000000000000e+05 1.000000000000000000e+06
1.675252472408215453e+03 1.073510000000000000e+05 1.000000000000000000e+06
1.754474890833459767e+03 1.066880000000000000e+05 1.000000000000000000e+06
1.837443724610726804e+03 1.074250000000000000e+05 1.000000000000000000e+06
1.924336141115980126e+03 1.072750000000000000e+05 1.000000000000000000e+06
2.015337685941733071e+03 1.073610000000000000e+05 1.000000000000000000e+06
2.110642679101554677e+03 1.078550000000000000e+05 1.000000000000000000e+06
2.210454629971021404e+03 1.083740000000000000e+05 1.000000000000000000e+06
2.314986671851160736e+03 1.083190000000000000e+05 1.000000000000000000e+06
2.424462017082328202e+03 1.084040000000000000e+05 1.000000000000000000e+06
2.539114433680347247e+03 1.086700000000000000e+05 1.000000000000000000e+06
2.659188744512693575e+03 1.084650000000000000e+05 1.000000000000000000e+06
2.784941350080644042e+03 1.077200000000000000e+05 1.000000000000000000e+06
2.916640776023706621e+03 1.087320000000000000e+05 1.000000000000000000e+06
3.054568246515431838e+03 1.092630000000000000e+05 1.000000000000000000e+06
3.199018284775067059e+03 1.093400000000000000e+05 1.000000000000000000e+06
3.350299341977229687e+03 1.096000000000000000e+05 1.000000000000000000e+06
3.508734455902715126e+03 1.094860000000000000e+05 1.000000000000000000e+06
3.674661940736687939e+03 1.096700000000000000e+05 1.000000000000000000e+06
3.848436109487432986e+03 1.090560000000000000e+05 1.000000000000000000e+06
4.030428030568050417e+03 1.094090000000000000e+05 1.000000000000000000e+06
4.221026320156903239e+03 1.096090000000000000e+05 1.000000000000000000e+06
4.420637972028530385e+03 1.093320000000000000e+05 1.000000000000000000e+06
4.629689226627267999e+03 1.103760000000000000e+05 1.000000000000000000e+06
4.848626481239078203e+03 1.104400000000000000e+05 1.000000000000000000e+06
5.077917243205403793e+03 1.100320000000000000e+05 1.000000000000000000e+06
5.318051128214196979e+03 1.099760000000000000e+05 1.000000000000000000e+06
5.569540905800135988e+03 1.102560000000000000e+05 1.000000000000000000e+06
5.832923594286206026e+03 1.098410000000000000e+05 1.000000000000000000e+06
6.108761607505040047e+03 1.097440000000000000e+05 1.000000000000000000e+06
6.397643955748430017e+03 1.104090000000000000e+05 1.000000000000000000e+06
6.700187503509589988e+03 1.105140000000000000e+05 1.000000000000000000e+06
7.017038286703829726e+03 1.109010000000000000e+05 1.000000000000000000e+06
7.348872892180387680e+03 1.108090000000000000e+05 1.000000000000000000e+06
7.696399902471158384e+03 1.100690000000000000e+05 1.000000000000000000e+06
8.060361408861344898e+03 1.106810000000000000e+05 1.000000000000000000e+06
8.441534596012985276e+03 1.104870000000000000e+05 1.000000000000000000e+06
8.840733401525063528e+03 1.106070000000000000e+05 1.000000000000000000e+06
9.258810253973953877e+03 1.109840000000000000e+05 1.000000000000000000e+06
9.696657893145520575e+03 1.110420000000000000e+05 1.000000000000000000e+06
1.015521127634569166e+04 1.108240000000000000e+05 1.000000000000000000e+06
1.063544957486011117e+04 1.112970000000000000e+05 1.000000000000000000e+06
1.113839826482618264e+04 1.108740000000000000e+05 1.000000000000000000e+06
1.166513131698196230e+04 1.111420000000000000e+05 1.000000000000000000e+06
1.221677348996793080e+04 1.108910000000000000e+05 1.000000000000000000e+06
1.279450273207873397e+04 1.107900000000000000e+05 1.000000000000000000e+06
1.339955269659337137e+04 1.109790000000000000e+05 1.000000000000000000e+06
1.403321537605484627e+04 1.110340000000000000e+05 1.000000000000000000e+06
1.469684386112447464e+04 1.116620000000000000e+05 1.000000000000000000e+06
1.539185522990205391e+04 1.112900000000000000e+05 1.000000000000000000e+06
1.611973357388155455e+04 1.111990000000000000e+05 1.000000000000000000e+06
1.688203316700362848e+04 1.107160000000000000e+05 1.000000000000000000e+06
1.768038178457208778e+04 1.116900000000000000e+05 1.000000000000000000e+06
1.851648417912154036e+04 1.107420000000000000e+05 1.000000000000000000e+06
1.939212572065831046e+04 1.113440000000000000e+05 1.000000000000000000e+06
2.030917620904738942e+04 1.113290000000000000e+05 1.000000000000000000e+06
2.126959386668691877e+04 1.108760000000000000e+05 1.000000000000000000e+06
2.227542951999556317e+04 1.108630000000000000e+05 1.000000000000000000e+06
2.332883097864158481e+04 1.112970000000000000e+05 1.000000000000000000e+06
2.443204762186491644e+04 1.114530000000000000e+05 1.000000000000000000e+06
2.558743520168589021e+04 1.113120000000000000e+05 1.000000000000000000e+06
2.679746087325689587e+04 1.115370000000000000e+05 1.000000000000000000e+06
2.806470846309838817e+04 1.117440000000000000e+05 1.000000000000000000e+06
2.939188398646890346e+04 1.111810000000000000e+05 1.000000000000000000e+06
3.078182142565079994e+04 1.114890000000000000e+05 1.000000000000000000e+06
3.223748878149026859e+04 1.115100000000000000e+05 1.000000000000000000e+06
3.376199441111340275e+04 1.113130000000000000e+05 1.000000000000000000e+06
3.535859366535182926e+04 1.114560000000000000e+05 1.000000000000000000e+06
3.703069584005141223e+04 1.110060000000000000e+05 1.000000000000000000e+06
3.878187145610719745e+04 1.112710000000000000e+05 1.000000000000000000e+06
4.061585988376979367e+04 1.113140000000000000e+05 1.000000000000000000e+06
4.253657732750391733e+04 1.118160000000000000e+05 1.000000000000000000e+06
4.454812518844988517e+04 1.118360000000000000e+05 1.000000000000000000e+06
4.665479882234468096e+04 1.119370000000000000e+05 1.000000000000000000e+06
4.886109671160326252e+04 1.115370000000000000e+05 1.000000000000000000e+06
5.117173007114609936e+04 1.115440000000000000e+05 1.000000000000000000e+06
5.359163290848514589e+04 1.119980000000000000e+05 1.000000000000000000e+06
5.612597255954965658e+04 1.112810000000000000e+05 1.000000000000000000e+06
5.878016072274911858e+04 1.122110000000000000e+05 1.000000000000000000e+06
6.155986501483514439e+04 1.118370000000000000e+05 1.000000000000000000e+06
6.447102107323869859e+04 1.124290000000000000e+05 1.000000000000000000e+06
6.751984523072493903e+04 1.119930000000000000e+05 1.000000000000000000e+06
7.071284778942995763e+04 1.121650000000000000e+05 1.000000000000000000e+06
7.405684692262441968e+04 1.123570000000000000e+05 1.000000000000000000e+06
7.755898323389001598e+04 1.119020000000000000e+05 1.000000000000000000e+06
8.122673500479719951e+04 1.119630000000000000e+05 1.000000000000000000e+06
8.506793416364170844e+04 1.120500000000000000e+05 1.000000000000000000e+06
8.909078300934142317e+04 1.123200000000000000e+05 1.000000000000000000e+06
9.330387172620360798e+04 1.119800000000000000e+05 1.000000000000000000e+06
9.771619672696181806e+04 1.116870000000000000e+05 1.000000000000000000e+06
1.023371798632521241e+05 1.128540000000000000e+05 1.000000000000000000e+06
1.071766885445503431e+05 1.127920000000000000e+05 1.000000000000000000e+06
1.122450568085305858e+05 1.124520000000000000e+05 1.000000000000000000e+06
1.175531073878369934e+05 1.121910000000000000e+05 1.000000000000000000e+06
1.231121748203892057e+05 1.130420000000000000e+05 1.000000000000000000e+06
1.289341296525715734e+05 1.125780000000000000e+05 1.000000000000000000e+06
1.350314037869872118e+05 1.128860000000000000e+05 1.000000000000000000e+06
1.414170170289023954e+05 1.120100000000000000e+05 1.000000000000000000e+06
1.481046048880676972e+05 1.128430000000000000e+05 1.000000000000000000e+06
1.551084476952840632e+05 1.133690000000000000e+05 1.000000000000000000e+06
1.624435010958865460e+05 1.127550000000000000e+05 1.000000000000000000e+06
1.701254279852589243e+05 1.122620000000000000e+05 1.000000000000000000e+06
1.781706319545732404e+05 1.128860000000000000e+05 1.000000000000000000e+06
1.865962923181745864e+05 1.129940000000000000e+05 1.000000000000000000e+06
1.954204007974051347e+05 1.133280000000000000e+05 1.000000000000000000e+06
2.046617999391989724e+05 1.128690000000000000e+05 1.000000000000000000e+06
2.143402233514858817e+05 1.132890000000000000e+05 1.000000000000000000e+06
2.244763378413223836e+05 1.135140000000000000e+05 1.000000000000000000e+06
2.350917875457284390e+05 1.133190000000000000e+05 1.000000000000000000e+06
2.462092401494625374e+05 1.130200000000000000e+05 1.000000000000000000e+06
2.578524352884276304e+05 1.134760000000000000e+05 1.000000000000000000e+06
2.700462352420681855e+05 1.129450000000000000e+05 1.000000000000000000e+06
2.828166780230029253e+05 1.139060000000000000e+05 1.000000000000000000e+06
2.961910329772553523e+05 1.135540000000000000e+05 1.000000000000000000e+06
3.101978590138099971e+05 1.129620000000000000e+05 1.000000000000000000e+06
3.248670655878374819e+05 1.133970000000000000e+05 1.000000000000000000e+06
3.402299765678071417e+05 1.135390000000000000e+05 1.000000000000000000e+06
3.563193971228591399e+05 1.141570000000000000e+05 1.000000000000000000e+06
3.731696837732755812e+05 1.140920000000000000e+05 1.000000000000000000e+06
3.908168177536264411e+05 1.132110000000000000e+05 1.000000000000000000e+06
4.092984818452442414e+05 1.135240000000000000e+05 1.000000000000000000e+06
4.286541408420933876e+05 1.141710000000000000e+05 1.000000000000000000e+06
4.489251258218607400e+05 1.141050000000000000e+05 1.000000000000000000e+06
4.701547224022129667e+05 1.143220000000000000e+05 1.000000000000000000e+06
4.923882631706741522e+05 1.144390000000000000e+05 1.000000000000000000e+06
5.156732244854973978e+05 1.145340000000000000e+05 1.000000000000000000e+06
5.400593278542374028e+05 1.144590000000000000e+05 1.000000000000000000e+06
5.655986461065001786e+05 1.148350000000000000e+05 1.000000000000000000e+06
5.923457145875806455e+05 1.147130000000000000e+05 1.000000000000000000e+06
6.203576476104280446e+05 1.148930000000000000e+05 1.000000000000000000e+06
6.496942604146124795e+05 1.151000000000000000e+05 1.000000000000000000e+06
6.804181968927093549e+05 1.148670000000000000e+05 1.000000000000000000e+06
7.125950633568410994e+05 1.148350000000000000e+05 1.000000000000000000e+06
7.462935686310144374e+05 1.149470000000000000e+05 1.000000000000000000e+06
7.815856707684090361e+05 1.148470000000000000e+05 1.000000000000000000e+06
8.185467307069021044e+05 1.155280000000000000e+05 1.000000000000000000e+06
8.572556731909324881e+05 1.155970000000000000e+05 1.000000000000000000e+06
8.977951553033331875e+05 1.158640000000000000e+05 1.000000000000000000e+06
9.402517429670132697e+05 1.159800000000000000e+05 1.000000000000000000e+06
9.847160957933764439e+05 1.154620000000000000e+05 1.000000000000000000e+06
1.031283160672184778e+06 1.152700000000000000e+05 1.000000000000000000e+06
1.080052374516254058e+06 1.164020000000000000e+05 1.000000000000000000e+06
1.131127876593921334e+06 1.157010000000000000e+05 1.000000000000000000e+06
1.184618730902684852e+06 1.162610000000000000e+05 1.000000000000000000e+06
1.240639159058831865e+06 1.155910000000000000e+05 1.000000000000000000e+06
1.299308784200417111e+06 1.161740000000000000e+05 1.000000000000000000e+06
1.360752886424333090e+06 1.168030000000000000e+05 1.000000000000000000e+06
1.425102670302999206e+06 1.168190000000000000e+05 1.000000000000000000e+06
1.492495545051829191e+06 1.167400000000000000e+05 1.000000000000000000e+06
1.563075417945817346e+06 1.166450000000000000e+05 1.000000000000000000e+06
1.636993001611701911e+06 1.168640000000000000e+05 1.000000000000000000e+06
1.714406135851972038e+06 1.166200000000000000e+05 1.000000000000000000e+06
1.795480124687830452e+06 1.176770000000000000e+05 1.000000000000000000e+06
1.880388089340916602e+06 1.175410000000000000e+05 1.000000000000000000e+06
1.969311337907421868e+06 1.176770000000000000e+05 1.000000000000000000e+06
2.062439752514092717e+06 1.177500000000000000e+05 1.000000000000000000e+06
2.159972194782717153e+06 1.178170000000000000e+05 1.000000000000000000e+06
2.262116930469026323e+06 1.175760000000000000e+05 1.000000000000000000e+06
2.369092074182631914e+06 1.180700000000000000e+05 1.000000000000000000e+06
2.481126055137770250e+06 1.180390000000000000e+05 1.000000000000000000e+06
2.598458104929246940e+06 1.180190000000000000e+05 1.000000000000000000e+06
2.721338768375308719e+06 1.183330000000000000e+05 1.000000000000000000e+06
2.850030438518105075e+06 1.186060000000000000e+05 1.000000000000000000e+06
2.984807916924327612e+06 1.191020000000000000e+05 1.000000000000000000e+06
3.125959000482284464e+06 1.186630000000000000e+05 1.000000000000000000e+06
3.273785095948576927e+06 1.192210000000000000e+05 1.000000000000000000e+06
3.428601863556590397e+06 1.192290000000000000e+05 1.000000000000000000e+06
3.590739891061055008e+06 1.189890000000000000e+05 1.000000000000000000e+06
3.760545399658175651e+06 1.192810000000000000e+05 1.000000000000000000e+06
3.938380983288488816e+06 1.193290000000000000e+05 1.000000000000000000e+06
4.124626382901356556e+06 1.198110000000000000e+05 1.000000000000000000e+06
4.319679297334173694e+06 1.201700000000000000e+05 1.000000000000000000e+06
4.523956232538058423e+06 1.198850000000000000e+05 1.000000000000000000e+06
4.737893390963143669e+06 1.201550000000000000e+05 1.000000000000000000e+06
4.961947603002907708e+06 1.205420000000000000e+05 1.000000000000000000e+06
5.196597302486197092e+06 1.205220000000000000e+05 1.000000000000000000e+06
5.442343548300271854e+06 1.205600000000000000e+05 1.000000000000000000e+06
5.699711094326075166e+06 1.213080000000000000e+05 1.000000000000000000e+06
5.969249509970739484e+06 1.209260000000000000e+05 1.000000000000000000e+06
6.251534353689711541e+06 1.217250000000000000e+05 1.000000000000000000e+06
6.547168402004742995e+06 1.211580000000000000e+05 1.000000000000000000e+06
6.856782936641737819e+06 1.215320000000000000e+05 1.000000000000000000e+06
7.181039092537356541e+06 1.214220000000000000e+05 1.000000000000000000e+06
7.520629269592407160e+06 1.220930000000000000e+05 1.000000000000000000e+06
7.876278611187063158e+06 1.220120000000000000e+05 1.000000000000000000e+06
8.248746552614580840e+06 1.217180000000000000e+05 1.000000000000000000e+06
8.638828442740453407e+06 1.224150000000000000e+05 1.000000000000000000e+06
9.047357242349293083e+06 1.229350000000000000e+05 1.000000000000000000e+06
9.475205302806546912e+06 1.227780000000000000e+05 1.000000000000000000e+06
9.923286228832544759e+06 1.225810000000000000e+05 1.000000000000000000e+06
1.039255682936713099e+07 1.231850000000000000e+05 1.000000000000000000e+06
1.088401916069005430e+07 1.234170000000000000e+05 1.000000000000000000e+06
1.139872266616052575e+07 1.232970000000000000e+05 1.000000000000000000e+06
1.193776641714435816e+07 1.236150000000000000e+05 1.000000000000000000e+06
1.250230145991455950e+07 1.232840000000000000e+05 1.000000000000000000e+06
1.309353327353609540e+07 1.239030000000000000e+05 1.000000000000000000e+06
1.371272434398400784e+07 1.238200000000000000e+05 1.000000000000000000e+06
1.436119685999080166e+07 1.237830000000000000e+05 1.000000000000000000e+06
1.504033553638025187e+07 1.240180000000000000e+05 1.000000000000000000e+06
1.575159057091624476e+07 1.241370000000000000e+05 1.000000000000000000e+06
1.649648074098020606e+07 1.244940000000000000e+05 1.000000000000000000e+06
1.727659664669038355e+07 1.251870000000000000e+05 1.000000000000000000e+06
1.809360410738716647e+07 1.246870000000000000e+05 1.000000000000000000e+06
1.894924771873823553e+07 1.242940000000000000e+05 1.000000000000000000e+06
1.984535457805803046e+07 1.253040000000000000e+05 1.000000000000000000e+06
2.078383818579759449e+07 1.259050000000000000e+05 1.000000000000000000e+06
2.176670253153458983e+07 1.261320000000000000e+05 1.000000000000000000e+06
2.279604637318982184e+07 1.263940000000000000e+05 1.000000000000000000e+06
2.387406771860646829e+07 1.260970000000000000e+05 1.000000000000000000e+06
2.500306851906326413e+07 1.261650000000000000e+05 1.000000000000000000e+06
2.618545958474232629e+07 1.260960000000000000e+05 1.000000000000000000e+06
2.742376573264952376e+07 1.265810000000000000e+05 1.000000000000000000e+06
2.872063117797828093e+07 1.270050000000000000e+05 1.000000000000000000e+06
3.007882518043101951e+07 1.276480000000000000e+05 1.000000000000000000e+06
3.150124795755327865e+07 1.270140000000000000e+05 1.000000000000000000e+06
3.299093687770942599e+07 1.270540000000000000e+05 1.000000000000000000e+06
3.455107294592218101e+07 1.275180000000000000e+05 1.000000000000000000e+06
3.618498759642750025e+07 1.273720000000000000e+05 1.000000000000000000e+06
3.789616980644715577e+07 1.282500000000000000e+05 1.000000000000000000e+06
3.968827354637166113e+07 1.278100000000000000e+05 1.000000000000000000e+06
4.156512558225987852e+07 1.280390000000000000e+05 1.000000000000000000e+06
4.353073364731892198e+07 1.279480000000000000e+05 1.000000000000000000e+06
4.558929499981059134e+07 1.288370000000000000e+05 1.000000000000000000e+06
4.774520538566131145e+07 1.291960000000000000e+05 1.000000000000000000e+06
5.000306842491089553e+07 1.293650000000000000e+05 1.000000000000000000e+06
5.236770544204655290e+07 1.303080000000000000e+05 1.000000000000000000e+06
5.484416576121015102e+07 1.296580000000000000e+05 1.000000000000000000e+06
5.743773748826587200e+07 1.298640000000000000e+05 1.000000000000000000e+06
6.015395880274832249e+07 1.302500000000000000e+05 1.000000000000000000e+06
6.299862978380693495e+07 1.302360000000000000e+05 1.000000000000000000e+06
6.597782479539546371e+07 1.302840000000000000e+05 1.000000000000000000e+06
6.909790545715644956e+07 1.308570000000000000e+05 1.000000000000000000e+06
7.236553422869664431e+07 1.310860000000000000e+05 1.000000000000000000e+06
7.578768863625930250e+07 1.309440000000000000e+05 1.000000000000000000e+06
7.937167617217558622e+07 1.314730000000000000e+05 1.000000000000000000e+06
8.312514989890632033e+07 1.314390000000000000e+05 1.000000000000000000e+06
8.705612479099874198e+07 1.314920000000000000e+05 1.000000000000000000e+06
9.117299484984922409e+07 1.317540000000000000e+05 1.000000000000000000e+06
9.548455102782303095e+07 1.324310000000000000e+05 1.000000000000000000e+06
1.000000000000000000e+08 1.322260000000000000e+05 1.000000000000000000e+06
