#Energy: GeV, NMuons(above 10GeV), Total Events
1.000000000000000000e+01 0.000000000000000000e+00 1.000000000000000000e+06
1.047266729235349914e+01 1.500000000000000000e+01 1.000000000000000000e+06
1.096767602163307487e+01 3.400000000000000000e+01 1.000000000000000000e+06
1.148608219448865064e+01 7.400000000000000000e+01 1.000000000000000000e+06
1.202899173155051926e+01 1.760000000000000000e+02 1.000000000000000000e+06
1.259756282669997951e+01 4.190000000000000000e+02 1.000000000000000000e+06
1.319300841785491585e+01 8.500000000000000000e+02 1.000000000000000000e+06
1.381659877454135454e+01 1.403000000000000000e+03 1.000000000000000000e+06
1.446966420777107487e+01 2.251000000000000000e+03 1.000000000000000000e+06
1.515359790800622264e+01 3.381000000000000000e+03 1.000000000000000000e+06
1.586985891726531683e+01 4.835000000000000000e+03 1.000000000000000000e+06
1.661997524171090035e+01 6.468000000000000000e+03 1.000000000000000000e+06
1.740554711135906629e+01 8.472000000000000000e+03 1.000000000000000000e+06
1.822825039386481194e+01 1.077000000000000000e+04 1.000000000000000000e+06
1.908984016966576647e+01 1.336800000000000000e+04 1.000000000000000000e+06
1.999215447611147312e+01 1.612900000000000000e+04 1.000000000000000000e+06
2.093711822856512228e+01 1.911300000000000000e+04 1.000000000000000000e+06
2.192674732684321981e+01 2.233500000000000000e+04 1.000000000000000000e+06
2.296315295575305981e+01 2.563900000000000000e+04 1.000000000000000000e+06
2.404854608890255108e+01 2.908000000000000000e+04 1.000000000000000000e+06
2.518524220539055136e+01 3.270600000000000000e+04 1.000000000000000000e+06
2.637566622943945305e+01 3.647400000000000000e+04 1.000000000000000000e+06
2.762235770350832809e+01 4.029900000000000000e+04 1.000000000000000000e+06
2.892797620592203600e+01 4.410100000000000000e+04 1.000000000000000000e+06
3.029530702457399371e+01 4.799500000000000000e+04 1.000000000000000000e+06
3.172726709880634033e+01 5.180000000000000000e+04 1.000000000000000000e+06
3.322691124214324532e+01 5.565000000000000000e+04 1.000000000000000000e+06
3.479743865915263257e+01 5.954000000000000000e+04 1.000000000000000000e+06
3.644219977033849034e+01 6.334700000000000000e+04 1.000000000000000000e+06
3.816470335962360849e+01 6.710500000000000000e+04 1.000000000000000000e+06
3.996862405967040388e+01 7.076500000000000000e+04 1.000000000000000000e+06
4.185781019100834044e+01 7.445000000000000000e+04 1.000000000000000000e+06
4.383629197169139502e+01 7.810300000000000000e+04 1.000000000000000000e+06
4.590829011499907608e+01 8.162700000000000000e+04 1.000000000000000000e+06
4.807822483352261855e+01 8.497300000000000000e+04 1.000000000000000000e+06
5.035072526884503219e+01 8.829100000000000000e+04 1.000000000000000000e+06
5.273063936693102249e+01 9.156900000000000000e+04 1.000000000000000000e+06
5.522304422029462501e+01 9.464800000000000000e+04 1.000000000000000000e+06
5.783325689900704702e+01 9.767900000000000000e+04 1.000000000000000000e+06
6.056684579365083465e+01 1.006540000000000000e+05 1.000000000000000000e+06
6.342964249441855173e+01 1.035620000000000000e+05 1.000000000000000000e+06
6.642775423169723581e+01 1.063240000000000000e+05 1.000000000000000000e+06
6.956757690467927091e+01 1.090150000000000000e+05 1.000000000000000000e+06
7.285580872579213008e+01 1.116440000000000000e+05 1.000000000000000000e+06
7.629946451005658048e+01 1.142420000000000000e+05 1.000000000000000000e+06
7.990589063985565588e+01 1.166480000000000000e+05 1.000000000000000000e+06
8.368278073703913833e+01 1.189120000000000000e+05 1.000000000000000000e+06
8.763819207579796000e+01 1.210700000000000000e+05 1.000000000000000000e+06
9.178056277132029095e+01 1.232240000000000000e+05 1.000000000000000000e+06
9.611872978090030983e+01 1.252390000000000000e+05 1.000000000000000000e+06
1.006619477558999307e+02 1.271490000000000000e+05 1.000000000000000000e+06
1.054199087847809437e+02 1.290080000000000000e+05 1.000000000000000000e+06
1.104027630693265110e+02 1.309140000000000000e+05 1.000000000000000000e+06
1.156211405781589150e+02 1.326390000000000000e+05 1.000000000000000000e+06
1.210861737237489990e+02 1.343340000000000000e+05 1.000000000000000000e+06
1.268095211112939182e+02 1.359140000000000000e+05 1.000000000000000000e+06
1.328033924101258947e+02 1.374310000000000000e+05 1.000000000000000000e+06
1.390805744007112992e+02 1.388790000000000000e+05 1.000000000000000000e+06
1.456544582528065632e+02 1.403070000000000000e+05 1.000000000000000000e+06
1.525390680929636176e+02 1.416500000000000000e+05 1.000000000000000000e+06
1.597490909223264168e+02 1.429060000000000000e+05 1.000000000000000000e+06
1.672999079485452114e+02 1.441720000000000000e+05 1.000000000000000000e+06
1.752076273986481283e+02 1.453350000000000000e+05 1.000000000000000000e+06
1.834891188828682118e+02 1.464380000000000000e+05 1.000000000000000000e+06
1.921620493827375356e+02 1.475750000000000000e+05 1.000000000000000000e+06
2.012449209402212205e+02 1.486450000000000000e+05 1.000000000000000000e+06
2.107571101282921688e+02 1.495310000000000000e+05 1.000000000000000000e+06
2.207189093871510579e+02 1.505080000000000000e+05 1.000000000000000000e+06
2.311515703142751192e+02 1.514390000000000000e+05 1.000000000000000000e+06
2.420773490006460236e+02 1.523270000000000000e+05 1.000000000000000000e+06
2.535195535098709740e+02 1.531630000000000000e+05 1.000000000000000000e+06
2.655025936014886838e+02 1.539360000000000000e+05 1.000000000000000000e+06
2.780520328045335532e+02 1.546320000000000000e+05 1.000000000000000000e+06
2.911946429524441555e+02 1.552830000000000000e+05 1.000000000000000000e+06
3.049584612956615501e+02 1.558820000000000000e+05 1.000000000000000000e+06
3.193728503137523376e+02 1.564560000000000000e+05 1.000000000000000000e+06
3.344685603546545849e+02 1.570540000000000000e+05 1.000000000000000000e+06
3.502777952346754660e+02 1.575890000000000000e+05 1.000000000000000000e+06
3.668342809391880337e+02 1.581110000000000000e+05 1.000000000000000000e+06
3.841733375705850904e+02 1.586270000000000000e+05 1.000000000000000000e+06
4.023319546969747762e+02 1.591430000000000000e+05 1.000000000000000000e+06
4.213488702623654945e+02 1.595910000000000000e+05 1.000000000000000000e+06
4.412646532266770691e+02 1.600060000000000000e+05 1.000000000000000000e+06
4.621217901118736791e+02 1.604170000000000000e+05 1.000000000000000000e+06
4.839647756388465041e+02 1.607940000000000000e+05 1.000000000000000000e+06
5.068402076484144345e+02 1.611560000000000000e+05 1.000000000000000000e+06
5.307968865089208066e+02 1.615110000000000000e+05 1.000000000000000000e+06
5.558859192225049810e+02 1.618470000000000000e+05 1.000000000000000000e+06
5.821608284521383894e+02 1.621660000000000000e+05 1.000000000000000000e+06
6.096776667020128571e+02 1.624420000000000000e+05 1.000000000000000000e+06
6.384951358948570714e+02 1.627160000000000000e+05 1.000000000000000000e+06
6.686747126012868421e+02 1.629430000000000000e+05 1.000000000000000000e+06
7.002807791883368509e+02 1.631960000000000000e+05 1.000000000000000000e+06
7.333807611669521975e+02 1.634110000000000000e+05 1.000000000000000000e+06
7.680452710314457363e+02 1.635990000000000000e+05 1.000000000000000000e+06
8.043482588977794876e+02 1.638020000000000000e+05 1.000000000000000000e+06
8.423671702620263204e+02 1.639770000000000000e+05 1.000000000000000000e+06
8.821831112155498431e+02 1.641490000000000000e+05 1.000000000000000000e+06
9.238810214693733087e+02 1.643250000000000000e+05 1.000000000000000000e+06
9.675498555568450456e+02 1.644470000000000000e+05 1.000000000000000000e+06
1.013282772601151805e+03 1.645450000000000000e+05 1.000000000000000000e+06
1.061177335052535454e+03 1.646510000000000000e+05 1.000000000000000000e+06
1.111335716819154413e+03 1.647720000000000000e+05 1.000000000000000000e+06
1.163864921235618340e+03 1.648850000000000000e+05 1.000000000000000000e+06
1.218877009334184550e+03 1.649740000000000000e+05 1.000000000000000000e+06
1.276489338905575778e+03 1.650500000000000000e+05 1.000000000000000000e+06
1.336824814859437083e+03 1.651060000000000000e+05 1.000000000000000000e+06
1.400012151418495478e+03 1.651690000000000000e+05 1.000000000000000000e+06
1.466186146705792453e+03 1.652230000000000000e+05 1.000000000000000000e+06
1.535487970310756737e+03 1.652700000000000000e+05 1.000000000000000000e+06
1.608065464447571458e+03 1.653070000000000000e+05 1.000000000000000000e+06
1.684073459348332563e+03 1.653520000000000000e+05 1.000000000000000000e+06
1.763674103563788321e+03 1.653740000000000000e+05 1.000000000000000000e+06
1.847037209876337329e+03 1.654010000000000000e+05 1.000000000000000000e+06
1.934340617563179194e+03 1.654230000000000000e+05 1.000000000000000000e+06
2.025770571782476281e+03 1.654340000000000000e+05 1.000000000000000000e+06
2.121522120891859231e+03 1.654450000000000000e+05 1.000000000000000000e+06
2.221799532546859155e+03 1.654520000000000000e+05 1.000000000000000000e+06
2.326816729466979268e+03 1.654560000000000000e+05 1.000000000000000000e+06
2.436797745798978667e+03 1.654600000000000000e+05 1.000000000000000000e+06
2.551977205050968678e+03 1.654680000000000000e+05 1.000000000000000000e+06
2.672600820616899000e+03 1.654680000000000000e+05 1.000000000000000000e+06
2.798925919959170187e+03 1.654690000000000000e+05 1.000000000000000000e+06
2.931221993567684422e+03 1.654690000000000000e+05 1.000000000000000000e+06
3.069771269866351759e+03 1.654690000000000000e+05 1.000000000000000000e+06
3.214869317293579115e+03 1.654690000000000000e+05 1.000000000000000000e+06
3.366825674841130422e+03 1.654690000000000000e+05 1.000000000000000000e+06
3.525964512396468308e+03 1.654690000000000000e+05 1.000000000000000000e+06
3.692625322297366438e+03 1.654690000000000000e+05 1.000000000000000000e+06
3.867163643573994705e+03 1.654690000000000000e+05 1.000000000000000000e+06
4.049951820423593290e+03 1.654690000000000000e+05 1.000000000000000000e+06
4.241379796535769856e+03 1.654690000000000000e+05 1.000000000000000000e+06
4.441855946962907183e+03 1.654690000000000000e+05 1.000000000000000000e+06
4.651807949310433287e+03 1.654690000000000000e+05 1.000000000000000000e+06
4.871683696105340459e+03 1.654690000000000000e+05 1.000000000000000000e+06
5.101952250289416952e+03 1.654690000000000000e+05 1.000000000000000000e+06
5.343104845875533101e+03 1.654650000000000000e+05 1.000000000000000000e+06
5.595655935901614612e+03 1.654650000000000000e+05 1.000000000000000000e+06
5.860144289918057439e+03 1.654640000000000000e+05 1.000000000000000000e+06
6.137134143349699116e+03 1.654640000000000000e+05 1.000000000000000000e+06
6.427216401184427014e+03 1.654640000000000000e+05 1.000000000000000000e+06
6.731009898556214466e+03 1.654640000000000000e+05 1.000000000000000000e+06
7.049162720911726865e+03 1.654640000000000000e+05 1.000000000000000000e+06
7.382353586576987254e+03 1.654640000000000000e+05 1.000000000000000000e+06
7.731293294673339005e+03 1.654640000000000000e+05 1.000000000000000000e+06
8.096726241471736103e+03 1.654640000000000000e+05 1.000000000000000000e+06
8.479432008420137208e+03 1.654640000000000000e+05 1.000000000000000000e+06
8.880227025231684820e+03 1.654640000000000000e+05 1.000000000000000000e+06
9.299966311581752962e+03 1.654640000000000000e+05 1.000000000000000000e+06
9.739545301129157451e+03 1.654640000000000000e+05 1.000000000000000000e+06
1.019990175175304648e+04 1.654640000000000000e+05 1.000000000000000000e+06
1.068201774608034611e+04 1.654630000000000000e+05 1.000000000000000000e+06
1.118692178657152181e+04 1.654630000000000000e+05 1.000000000000000000e+06
1.171569098963442775e+04 1.654630000000000000e+05 1.000000000000000000e+06
1.226945338344652555e+04 1.654630000000000000e+05 1.000000000000000000e+06
1.284939031438763232e+04 1.654630000000000000e+05 1.000000000000000000e+06
1.345673896721711208e+04 1.654630000000000000e+05 1.000000000000000000e+06
1.409279500437136630e+04 1.654630000000000000e+05 1.000000000000000000e+06
1.475891533001227072e+04 1.654630000000000000e+05 1.000000000000000000e+06
1.545652098472340731e+04 1.654630000000000000e+05 1.000000000000000000e+06
1.618710017702885671e+04 1.654630000000000000e+05 1.000000000000000000e+06
1.695221145820195306e+04 1.654630000000000000e+05 1.000000000000000000e+06
1.775348704713717234e+04 1.654630000000000000e+05 1.000000000000000000e+06
1.859263631237752270e+04 1.654570000000000000e+05 1.000000000000000000e+06
1.947144941872595518e+04 1.654570000000000000e+05 1.000000000000000000e+06
2.039180114622071778e+04 1.654570000000000000e+05 1.000000000000000000e+06
2.135565488962026211e+04 1.654570000000000000e+05 1.000000000000000000e+06
2.236506684693145871e+04 1.654570000000000000e+05 1.000000000000000000e+06
2.342219040591590237e+04 1.654570000000000000e+05 1.000000000000000000e+06
2.452928073793112708e+04 1.654570000000000000e+05 1.000000000000000000e+06
2.568869960890878792e+04 1.654570000000000000e+05 1.000000000000000000e+06
2.690292041773135861e+04 1.654570000000000000e+05 1.000000000000000000e+06
2.817453347275641499e+04 1.654570000000000000e+05 1.000000000000000000e+06
2.950625151774547703e+04 1.654570000000000000e+05 1.000000000000000000e+06
3.090091551898493344e+04 1.654570000000000000e+05 1.000000000000000000e+06
3.236150072594519588e+04 1.654570000000000000e+05 1.000000000000000000e+06
3.389112301840800501e+04 1.654570000000000000e+05 1.000000000000000000e+06
3.549304555360108498e+04 1.654570000000000000e+05 1.000000000000000000e+06
3.717068572752106411e+04 1.654570000000000000e+05 1.000000000000000000e+06
3.892762246529606637e+04 1.654570000000000000e+05 1.000000000000000000e+06
4.076760385613919789e+04 1.654570000000000000e+05 1.000000000000000000e+06
4.269455514918122935e+04 1.654570000000000000e+05 1.000000000000000000e+06
4.471258712724135694e+04 1.654570000000000000e+05 1.000000000000000000e+06
4.682600487639673520e+04 1.654570000000000000e+05 1.000000000000000000e+06
4.903931697006242757e+04 1.654560000000000000e+05 1.000000000000000000e+06
5.135724508717293793e+04 1.654570000000000000e+05 1.000000000000000000e+06
5.378473408498182107e+04 1.654560000000000000e+05 1.000000000000000000e+06
5.632696254797191796e+04 1.654560000000000000e+05 1.000000000000000000e+06
5.898935383537668531e+04 1.654570000000000000e+05 1.000000000000000000e+06
6.177758765088165092e+04 1.654570000000000000e+05 1.000000000000000000e+06
6.469761215918893140e+04 1.654570000000000000e+05 1.000000000000000000e+06
6.775565667529110215e+04 1.654570000000000000e+05 1.000000000000000000e+06
7.095824495352536906e+04 1.654570000000000000e+05 1.000000000000000000e+06
7.431220910475924029e+04 1.654570000000000000e+05 1.000000000000000000e+06
7.782470417139471101e+04 1.654560000000000000e+05 1.000000000000000000e+06
8.150322339128519525e+04 1.654560000000000000e+05 1.000000000000000000e+06
8.535561418312926253e+04 1.654560000000000000e+05 1.000000000000000000e+06
8.939009488744035480e+04 1.654570000000000000e+05 1.000000000000000000e+06
9.361527229880717641e+04 1.654560000000000000e+05 1.000000000000000000e+06
9.804016002684838895e+04 1.654550000000000000e+05 1.000000000000000000e+06
1.026741977250277560e+05 1.654560000000000000e+05 1.000000000000000000e+06
1.075272712283535802e+05 1.654560000000000000e+05 1.000000000000000000e+06
1.126097336429201241e+05 1.654620000000000000e+05 1.000000000000000000e+06
1.179324274322848360e+05 1.654630000000000000e+05 1.000000000000000000e+06
1.235067075477943872e+05 1.654560000000000000e+05 1.000000000000000000e+06
1.293444656522054429e+05 1.654560000000000000e+05 9.999990000000000000e+05
1.354581554882791825e+05 1.654550000000000000e+05 9.999980000000000000e+05
1.418608194464635162e+05 1.654550000000000000e+05 9.999990000000000000e+05
1.485661163883445843e+05 1.654550000000000000e+05 9.999980000000000000e+05
1.555883507852198672e+05 1.654540000000000000e+05 9.999960000000000000e+05
1.629425032339594036e+05 1.654540000000000000e+05 9.999910000000000000e+05
1.706442624152493372e+05 1.654620000000000000e+05 9.999880000000000000e+05
1.787100585623968218e+05 1.654640000000000000e+05 9.999850000000000000e+05
1.871570985120990372e+05 1.654580000000000000e+05 9.999880000000000000e+05
1.960034024119444366e+05 1.654610000000000000e+05 9.999750000000000000e+05
2.052678421629570366e+05 1.654530000000000000e+05 9.999640000000000000e+05
2.149701816791979363e+05 1.654470000000000000e+05 9.999720000000000000e+05
2.251311190503024263e+05 1.654530000000000000e+05 9.999570000000000000e+05
2.357723306969047408e+05 1.654520000000000000e+05 9.999550000000000000e+05
2.469165176131425833e+05 1.654550000000000000e+05 9.999440000000000000e+05
2.585874537948983489e+05 1.654520000000000000e+05 9.999240000000000000e+05
2.708100369570807670e+05 1.654480000000000000e+05 9.999180000000000000e+05
2.836103416481460445e+05 1.654430000000000000e+05 9.998980000000000000e+05
2.970156748751738342e+05 1.654450000000000000e+05 9.998900000000000000e+05
3.110546343581532710e+05 1.654590000000000000e+05 9.998650000000000000e+05
3.257571695377613069e+05 1.654470000000000000e+05 9.998500000000000000e+05
3.411546454667764483e+05 1.654480000000000000e+05 9.998210000000000000e+05
3.572799097214361536e+05 1.654340000000000000e+05 9.997860000000000000e+05
3.741673624754701159e+05 1.654410000000000000e+05 9.997380000000000000e+05
3.918530298863029457e+05 1.654470000000000000e+05 9.997400000000000000e+05
4.103746409499900765e+05 1.654480000000000000e+05 9.996870000000000000e+05
4.297717079888278386e+05 1.654350000000000000e+05 9.996420000000000000e+05
4.500856109433493693e+05 1.654310000000000000e+05 9.996200000000000000e+05
4.713596856485354365e+05 1.654440000000000000e+05 9.995550000000000000e+05
4.936393162825441104e+05 1.654190000000000000e+05 9.995300000000000000e+05
5.169720321851951303e+05 1.654390000000000000e+05 9.994800000000000000e+05
5.414076092527409783e+05 1.654120000000000000e+05 9.994340000000000000e+05
5.669981761252481956e+05 1.654250000000000000e+05 9.993660000000000000e+05
5.937983253930984065e+05 1.654210000000000000e+05 9.993140000000000000e+05
6.218652300598578295e+05 1.654110000000000000e+05 9.992250000000000000e+05
6.512587655099752592e+05 1.653810000000000000e+05 9.991660000000000000e+05
6.820416372414844809e+05 1.653980000000000000e+05 9.990840000000000000e+05
7.142795146362121450e+05 1.653730000000000000e+05 9.990030000000000000e+05
7.480411710528786061e+05 1.653720000000000000e+05 9.989190000000000000e+05
7.833986305419286946e+05 1.653710000000000000e+05 9.988260000000000000e+05
8.204273214950991096e+05 1.653580000000000000e+05 9.987550000000000000e+05
8.592062375574909383e+05 1.653520000000000000e+05 9.986830000000000000e+05
8.998181061454439769e+05 1.653530000000000000e+05 9.986040000000000000e+05
9.423495649296874180e+05 1.653620000000000000e+05 9.984490000000000000e+05
9.868913466602682602e+05 1.653270000000000000e+05 9.983820000000000000e+05
1.033538472727568354e+06 1.653290000000000000e+05 9.983450000000000000e+05
1.082390455872301012e+06 1.653280000000000000e+05 9.982280000000000000e+05
1.133551512476943433e+06 1.653000000000000000e+05 9.981070000000000000e+05
1.187130784891511779e+06 1.652970000000000000e+05 9.979950000000000000e+05
1.243242574267926393e+06 1.653240000000000000e+05 9.978780000000000000e+05
1.302006584399709944e+06 1.652870000000000000e+05 9.977990000000000000e+05
1.363548177087172866e+06 1.652520000000000000e+05 9.976630000000000000e+05
1.427998639572906541e+06 1.652260000000000000e+05 9.975400000000000000e+05
1.495495464618049329e+06 1.652920000000000000e+05 9.973750000000000000e+05
1.566182643816843396e+06 1.652380000000000000e+05 9.973260000000000000e+05
1.640210974775237730e+06 1.652450000000000000e+05 9.972050000000000000e+05
1.717738382808787283e+06 1.652180000000000000e+05 9.970430000000000000e+05
1.798930257846180815e+06 1.652900000000000000e+05 9.969300000000000000e+05
1.883959807257073233e+06 1.652080000000000000e+05 9.967820000000000000e+05
1.973008425356974127e+06 1.651840000000000000e+05 9.966670000000000000e+05
2.066266080377389444e+06 1.651790000000000000e+05 9.965420000000000000e+05
2.163931719726773910e+06 1.651510000000000000e+05 9.964120000000000000e+05
2.266213694406883325e+06 1.651960000000000000e+05 9.963110000000000000e+05
2.373330203489858657e+06 1.651440000000000000e+05 9.960860000000000000e+05
2.485509759604290593e+06 1.651460000000000000e+05 9.960570000000000000e+05
2.602991676423324738e+06 1.651640000000000000e+05 9.958920000000000000e+05
2.726026579194693826e+06 1.651380000000000000e+05 9.957790000000000000e+05
2.854876939401860815e+06 1.651500000000000000e+05 9.955950000000000000e+05
2.989817634696811438e+06 1.650570000000000000e+05 9.954760000000000000e+05
3.131136535299098119e+06 1.651160000000000000e+05 9.953770000000000000e+05
3.279135118111996911e+06 1.651360000000000000e+05 9.952040000000000000e+05
3.434129109865921549e+06 1.650030000000000000e+05 9.951370000000000000e+05
3.596449160661185626e+06 1.650290000000000000e+05 9.949220000000000000e+05
3.766441549346864689e+06 1.650460000000000000e+05 9.948350000000000000e+05
3.944468922240612563e+06 1.650570000000000000e+05 9.947190000000000000e+05
4.130911066765409429e+06 1.650500000000000000e+05 9.945920000000000000e+05
4.326165721653518267e+06 1.650350000000000000e+05 9.945140000000000000e+05
4.530649425446174107e+06 1.649310000000000000e+05 9.943260000000000000e+05
4.744798405099028721e+06 1.649800000000000000e+05 9.942590000000000000e+05
4.969069506589162163e+06 1.649420000000000000e+05 9.940950000000000000e+05
5.203941169508753344e+06 1.649470000000000000e+05 9.939820000000000000e+05
5.449914447724610567e+06 1.649300000000000000e+05 9.939190000000000000e+05
5.707514078281028196e+06 1.649870000000000000e+05 9.937500000000000000e+05
5.977289600826093927e+06 1.650080000000000000e+05 9.936440000000000000e+05
6.259816529949610122e+06 1.649510000000000000e+05 9.935450000000000000e+05
6.555697582933701575e+06 1.649750000000000000e+05 9.934540000000000000e+05
6.865563965535063297e+06 1.649950000000000000e+05 9.933570000000000000e+05
7.190076718541994691e+06 1.649260000000000000e+05 9.932730000000000000e+05
7.529928127978707664e+06 1.649000000000000000e+05 9.931220000000000000e+05
7.885843201965518296e+06 1.648970000000000000e+05 9.930330000000000000e+05
8.258581217385259457e+06 1.648410000000000000e+05 9.929270000000000000e+05
8.648937339655550197e+06 1.647920000000000000e+05 9.928880000000000000e+05
9.057744319062551484e+06 1.649570000000000000e+05 9.927790000000000000e+05
9.485874267274703830e+06 1.648020000000000000e+05 9.927070000000000000e+05
9.934240517826564610e+06 1.648780000000000000e+05 9.926070000000000000e+05
1.040379957454150915e+07 1.647420000000000000e+05 9.924520000000000000e+05
1.089555315205020644e+07 1.647040000000000000e+05 9.923510000000000000e+05
1.141055031275754236e+07 1.647310000000000000e+05 9.922890000000000000e+05
1.194988970481698401e+07 1.649400000000000000e+05 9.922020000000000000e+05
1.251472190588685684e+07 1.648250000000000000e+05 9.920910000000000000e+05
1.310625187766813114e+07 1.649770000000000000e+05 9.920410000000000000e+05
1.372574153646015935e+07 1.647590000000000000e+05 9.919300000000000000e+05
1.437451244521841034e+07 1.647540000000000000e+05 9.918670000000000000e+05
1.505394863285670616e+07 1.648280000000000000e+05 9.918150000000000000e+05
1.576549954680883326e+07 1.648120000000000000e+05 9.917660000000000000e+05
1.651068314514786936e+07 1.648480000000000000e+05 9.916730000000000000e+05
1.729108913486021757e+07 1.647560000000000000e+05 9.916200000000000000e+05
1.810838236318198591e+07 1.647580000000000000e+05 9.915310000000000000e+05
1.896430636923268065e+07 1.647460000000000000e+05 9.915420000000000000e+05
1.986068710352341458e+07 1.647890000000000000e+05 9.914480000000000000e+05
2.079943682327369228e+07 1.646010000000000000e+05 9.913580000000000000e+05
2.178255817184712365e+07 1.646960000000000000e+05 9.913870000000000000e+05
2.281214845100906491e+07 1.647210000000000000e+05 9.912700000000000000e+05
2.389040409511950612e+07 1.645120000000000000e+05 9.912190000000000000e+05
2.501962535680665076e+07 1.647450000000000000e+05 9.911950000000000000e+05
2.620222121411670744e+07 1.646250000000000000e+05 9.911110000000000000e+05
2.744071450960908830e+07 1.644450000000000000e+05 9.910590000000000000e+05
2.873774733235936239e+07 1.646660000000000000e+05 9.910000000000000000e+05
3.009608665435187519e+07 1.645900000000000000e+05 9.909480000000000000e+05
3.151863023328673467e+07 1.647290000000000000e+05 9.909620000000000000e+05
3.300841279439259320e+07 1.646590000000000000e+05 9.909500000000000000e+05
3.456861250443385541e+07 1.645770000000000000e+05 9.908790000000000000e+05
3.620255775172264129e+07 1.646780000000000000e+05 9.908080000000000000e+05
3.791373424660041183e+07 1.647000000000000000e+05 9.907090000000000000e+05
3.970579245753554255e+07 1.646140000000000000e+05 9.907590000000000000e+05
4.158255539870085567e+07 1.646400000000000000e+05 9.906920000000000000e+05
4.354802678564515710e+07 1.646270000000000000e+05 9.906970000000000000e+05
4.560639957645607740e+07 1.647770000000000000e+05 9.906360000000000000e+05
4.776206491663558036e+07 1.646770000000000000e+05 9.906760000000000000e+05
5.001962150677137077e+07 1.645720000000000000e+05 9.905540000000000000e+05
5.238388541298658401e+07 1.647400000000000000e+05 9.905930000000000000e+05
5.485990034109789878e+07 1.647010000000000000e+05 9.905490000000000000e+05
5.745294839639881998e+07 1.646520000000000000e+05 9.904970000000000000e+05
6.016856135202389956e+07 1.648400000000000000e+05 9.904530000000000000e+05
6.301253244993064553e+07 1.646290000000000000e+05 9.904690000000000000e+05
6.599092875967518240e+07 1.645250000000000000e+05 9.904170000000000000e+05
6.911010412134797871e+07 1.645100000000000000e+05 9.904590000000000000e+05
7.237671270027866960e+07 1.644070000000000000e+05 9.904670000000000000e+05
7.579772318242740631e+07 1.645160000000000000e+05 9.903900000000000000e+05
7.938043364074717462e+07 1.647620000000000000e+05 9.904020000000000000e+05
8.313248710422897339e+07 1.645540000000000000e+05 9.903490000000000000e+05
8.706188786284591258e+07 1.648810000000000000e+05 9.904000000000000000e+05
9.117701854317739606e+07 1.647430000000000000e+05 9.903500000000000000e+05
9.548665799114418030e+07 1.647070000000000000e+05 9.903690000000000000e+05
1.000000000000000000e+08 1.645610000000000000e+05 9.903170000000000000e+05
