#Energy: GeV, NMuons(above 10GeV), Total Events
1.000000000000000000e+01 0.000000000000000000e+00 1.000000000000000000e+06
1.047266729235349914e+01 2.280000000000000000e+02 1.000000000000000000e+06
1.096767602163307487e+01 5.280000000000000000e+02 1.000000000000000000e+06
1.148608219448865064e+01 8.170000000000000000e+02 1.000000000000000000e+06
1.202899173155051926e+01 1.130000000000000000e+03 1.000000000000000000e+06
1.259756282669997951e+01 1.463000000000000000e+03 1.000000000000000000e+06
1.319300841785491585e+01 1.973000000000000000e+03 1.000000000000000000e+06
1.381659877454135454e+01 2.554000000000000000e+03 1.000000000000000000e+06
1.446966420777107487e+01 3.170000000000000000e+03 1.000000000000000000e+06
1.515359790800622264e+01 3.995000000000000000e+03 1.000000000000000000e+06
1.586985891726531683e+01 4.877000000000000000e+03 1.000000000000000000e+06
1.661997524171090035e+01 5.895000000000000000e+03 1.000000000000000000e+06
1.740554711135906629e+01 7.084000000000000000e+03 1.000000000000000000e+06
1.822825039386481194e+01 8.383000000000000000e+03 1.000000000000000000e+06
1.908984016966576647e+01 9.693000000000000000e+03 1.000000000000000000e+06
1.999215447611147312e+01 1.113900000000000000e+04 1.000000000000000000e+06
2.093711822856512228e+01 1.276700000000000000e+04 1.000000000000000000e+06
2.192674732684321981e+01 1.446700000000000000e+04 1.000000000000000000e+06
2.296315295575305981e+01 1.627100000000000000e+04 1.000000000000000000e+06
2.404854608890255108e+01 1.812700000000000000e+04 1.000000000000000000e+06
2.518524220539055136e+01 2.002300000000000000e+04 1.000000000000000000e+06
2.637566622943945305e+01 2.192700000000000000e+04 1.000000000000000000e+06
2.762235770350832809e+01 2.386400000000000000e+04 1.000000000000000000e+06
2.892797620592203600e+01 2.583500000000000000e+04 1.000000000000000000e+06
3.029530702457399371e+01 2.786800000000000000e+04 1.000000000000000000e+06
3.172726709880634033e+01 2.980700000000000000e+04 1.000000000000000000e+06
3.322691124214324532e+01 3.191700000000000000e+04 1.000000000000000000e+06
3.479743865915263257e+01 3.386700000000000000e+04 1.000000000000000000e+06
3.644219977033849034e+01 3.581500000000000000e+04 1.000000000000000000e+06
3.816470335962360849e+01 3.772400000000000000e+04 1.000000000000000000e+06
3.996862405967040388e+01 3.954600000000000000e+04 1.000000000000000000e+06
4.185781019100834044e+01 4.135800000000000000e+04 1.000000000000000000e+06
4.383629197169139502e+01 4.314300000000000000e+04 1.000000000000000000e+06
4.590829011499907608e+01 4.507900000000000000e+04 1.000000000000000000e+06
4.807822483352261855e+01 4.689700000000000000e+04 1.000000000000000000e+06
5.035072526884503219e+01 4.855200000000000000e+04 1.000000000000000000e+06
5.273063936693102249e+01 5.013000000000000000e+04 1.000000000000000000e+06
5.522304422029462501e+01 5.162000000000000000e+04 1.000000000000000000e+06
5.783325689900704702e+01 5.316900000000000000e+04 1.000000000000000000e+06
6.056684579365083465e+01 5.448700000000000000e+04 1.000000000000000000e+06
6.342964249441855173e+01 5.593800000000000000e+04 1.000000000000000000e+06
6.642775423169723581e+01 5.728700000000000000e+04 1.000000000000000000e+06
6.956757690467927091e+01 5.864700000000000000e+04 1.000000000000000000e+06
7.285580872579213008e+01 6.004800000000000000e+04 1.000000000000000000e+06
7.629946451005658048e+01 6.131100000000000000e+04 1.000000000000000000e+06
7.990589063985565588e+01 6.251300000000000000e+04 1.000000000000000000e+06
8.368278073703913833e+01 6.366800000000000000e+04 1.000000000000000000e+06
8.763819207579796000e+01 6.469400000000000000e+04 1.000000000000000000e+06
9.178056277132029095e+01 6.565700000000000000e+04 1.000000000000000000e+06
9.611872978090030983e+01 6.670000000000000000e+04 1.000000000000000000e+06
1.006619477558999307e+02 6.770500000000000000e+04 1.000000000000000000e+06
1.054199087847809437e+02 6.867200000000000000e+04 1.000000000000000000e+06
1.104027630693265110e+02 6.961100000000000000e+04 1.000000000000000000e+06
1.156211405781589150e+02 7.044900000000000000e+04 1.000000000000000000e+06
1.210861737237489990e+02 7.129500000000000000e+04 1.000000000000000000e+06
1.268095211112939182e+02 7.207700000000000000e+04 1.000000000000000000e+06
1.328033924101258947e+02 7.281400000000000000e+04 1.000000000000000000e+06
1.390805744007112992e+02 7.348600000000000000e+04 1.000000000000000000e+06
1.456544582528065632e+02 7.411500000000000000e+04 1.000000000000000000e+06
1.525390680929636176e+02 7.484600000000000000e+04 1.000000000000000000e+06
1.597490909223264168e+02 7.548500000000000000e+04 1.000000000000000000e+06
1.672999079485452114e+02 7.609800000000000000e+04 1.000000000000000000e+06
1.752076273986481283e+02 7.665700000000000000e+04 1.000000000000000000e+06
1.834891188828682118e+02 7.719000000000000000e+04 1.000000000000000000e+06
1.921620493827375356e+02 7.774700000000000000e+04 1.000000000000000000e+06
2.012449209402212205e+02 7.819200000000000000e+04 1.000000000000000000e+06
2.107571101282921688e+02 7.865200000000000000e+04 1.000000000000000000e+06
2.207189093871510579e+02 7.907100000000000000e+04 1.000000000000000000e+06
2.311515703142751192e+02 7.948300000000000000e+04 1.000000000000000000e+06
2.420773490006460236e+02 7.987500000000000000e+04 1.000000000000000000e+06
2.535195535098709740e+02 8.026900000000000000e+04 1.000000000000000000e+06
2.655025936014886838e+02 8.058900000000000000e+04 1.000000000000000000e+06
2.780520328045335532e+02 8.094200000000000000e+04 1.000000000000000000e+06
2.911946429524441555e+02 8.125700000000000000e+04 1.000000000000000000e+06
3.049584612956615501e+02 8.158400000000000000e+04 1.000000000000000000e+06
3.193728503137523376e+02 8.189800000000000000e+04 1.000000000000000000e+06
3.344685603546545849e+02 8.218400000000000000e+04 1.000000000000000000e+06
3.502777952346754660e+02 8.243500000000000000e+04 1.000000000000000000e+06
3.668342809391880337e+02 8.269500000000000000e+04 1.000000000000000000e+06
3.841733375705850904e+02 8.294800000000000000e+04 1.000000000000000000e+06
4.023319546969747762e+02 8.319800000000000000e+04 1.000000000000000000e+06
4.213488702623654945e+02 8.342600000000000000e+04 1.000000000000000000e+06
4.412646532266770691e+02 8.366900000000000000e+04 1.000000000000000000e+06
4.621217901118736791e+02 8.388400000000000000e+04 1.000000000000000000e+06
4.839647756388465041e+02 8.411400000000000000e+04 1.000000000000000000e+06
5.068402076484144345e+02 8.428100000000000000e+04 1.000000000000000000e+06
5.307968865089208066e+02 8.445100000000000000e+04 1.000000000000000000e+06
5.558859192225049810e+02 8.460000000000000000e+04 1.000000000000000000e+06
5.821608284521383894e+02 8.477400000000000000e+04 1.000000000000000000e+06
6.096776667020128571e+02 8.493400000000000000e+04 1.000000000000000000e+06
6.384951358948570714e+02 8.505500000000000000e+04 1.000000000000000000e+06
6.686747126012868421e+02 8.516400000000000000e+04 1.000000000000000000e+06
7.002807791883368509e+02 8.530900000000000000e+04 1.000000000000000000e+06
7.333807611669521975e+02 8.544100000000000000e+04 1.000000000000000000e+06
7.680452710314457363e+02 8.558300000000000000e+04 1.000000000000000000e+06
8.043482588977794876e+02 8.567900000000000000e+04 1.000000000000000000e+06
8.423671702620263204e+02 8.579600000000000000e+04 1.000000000000000000e+06
8.821831112155498431e+02 8.588600000000000000e+04 1.000000000000000000e+06
9.238810214693733087e+02 8.598400000000000000e+04 1.000000000000000000e+06
9.675498555568450456e+02 8.605300000000000000e+04 1.000000000000000000e+06
1.013282772601151805e+03 8.612800000000000000e+04 1.000000000000000000e+06
1.061177335052535454e+03 8.616800000000000000e+04 1.000000000000000000e+06
1.111335716819154413e+03 8.623900000000000000e+04 1.000000000000000000e+06
1.163864921235618340e+03 8.631000000000000000e+04 1.000000000000000000e+06
1.218877009334184550e+03 8.637200000000000000e+04 1.000000000000000000e+06
1.276489338905575778e+03 8.641500000000000000e+04 1.000000000000000000e+06
1.336824814859437083e+03 8.645800000000000000e+04 1.000000000000000000e+06
1.400012151418495478e+03 8.649000000000000000e+04 1.000000000000000000e+06
1.466186146705792453e+03 8.651800000000000000e+04 1.000000000000000000e+06
1.535487970310756737e+03 8.656100000000000000e+04 1.000000000000000000e+06
1.608065464447571458e+03 8.659500000000000000e+04 1.000000000000000000e+06
1.684073459348332563e+03 8.660300000000000000e+04 1.000000000000000000e+06
1.763674103563788321e+03 8.663300000000000000e+04 1.000000000000000000e+06
1.847037209876337329e+03 8.665100000000000000e+04 1.000000000000000000e+06
1.934340617563179194e+03 8.666800000000000000e+04 1.000000000000000000e+06
2.025770571782476281e+03 8.667900000000000000e+04 1.000000000000000000e+06
2.121522120891859231e+03 8.669900000000000000e+04 1.000000000000000000e+06
2.221799532546859155e+03 8.670600000000000000e+04 1.000000000000000000e+06
2.326816729466979268e+03 8.671100000000000000e+04 1.000000000000000000e+06
2.436797745798978667e+03 8.671400000000000000e+04 1.000000000000000000e+06
2.551977205050968678e+03 8.670100000000000000e+04 1.000000000000000000e+06
2.672600820616899000e+03 8.673100000000000000e+04 1.000000000000000000e+06
2.798925919959170187e+03 8.671500000000000000e+04 1.000000000000000000e+06
2.931221993567684422e+03 8.671500000000000000e+04 1.000000000000000000e+06
3.069771269866351759e+03 8.671300000000000000e+04 1.000000000000000000e+06
3.214869317293579115e+03 8.671400000000000000e+04 1.000000000000000000e+06
3.366825674841130422e+03 8.671300000000000000e+04 1.000000000000000000e+06
3.525964512396468308e+03 8.671400000000000000e+04 1.000000000000000000e+06
3.692625322297366438e+03 8.671900000000000000e+04 1.000000000000000000e+06
3.867163643573994705e+03 8.672000000000000000e+04 1.000000000000000000e+06
4.049951820423593290e+03 8.671600000000000000e+04 1.000000000000000000e+06
4.241379796535769856e+03 8.671500000000000000e+04 1.000000000000000000e+06
4.441855946962907183e+03 8.670900000000000000e+04 1.000000000000000000e+06
4.651807949310433287e+03 8.670500000000000000e+04 1.000000000000000000e+06
4.871683696105340459e+03 8.670100000000000000e+04 1.000000000000000000e+06
5.101952250289416952e+03 8.670600000000000000e+04 1.000000000000000000e+06
5.343104845875533101e+03 8.671100000000000000e+04 1.000000000000000000e+06
5.595655935901614612e+03 8.671500000000000000e+04 1.000000000000000000e+06
5.860144289918057439e+03 8.671800000000000000e+04 1.000000000000000000e+06
6.137134143349699116e+03 8.671600000000000000e+04 1.000000000000000000e+06
6.427216401184427014e+03 8.670500000000000000e+04 1.000000000000000000e+06
6.731009898556214466e+03 8.670300000000000000e+04 1.000000000000000000e+06
7.049162720911726865e+03 8.670200000000000000e+04 1.000000000000000000e+06
7.382353586576987254e+03 8.668800000000000000e+04 1.000000000000000000e+06
7.731293294673339005e+03 8.667900000000000000e+04 1.000000000000000000e+06
8.096726241471736103e+03 8.668600000000000000e+04 1.000000000000000000e+06
8.479432008420137208e+03 8.668700000000000000e+04 1.000000000000000000e+06
8.880227025231684820e+03 8.667900000000000000e+04 1.000000000000000000e+06
9.299966311581752962e+03 8.668100000000000000e+04 1.000000000000000000e+06
9.739545301129157451e+03 8.668100000000000000e+04 1.000000000000000000e+06
1.019990175175304648e+04 8.668100000000000000e+04 1.000000000000000000e+06
1.068201774608034611e+04 8.667000000000000000e+04 1.000000000000000000e+06
1.118692178657152181e+04 8.667900000000000000e+04 1.000000000000000000e+06
1.171569098963442775e+04 8.668000000000000000e+04 1.000000000000000000e+06
1.226945338344652555e+04 8.667200000000000000e+04 1.000000000000000000e+06
1.284939031438763232e+04 8.667800000000000000e+04 1.000000000000000000e+06
1.345673896721711208e+04 8.668300000000000000e+04 1.000000000000000000e+06
1.409279500437136630e+04 8.668600000000000000e+04 1.000000000000000000e+06
1.475891533001227072e+04 8.668800000000000000e+04 1.000000000000000000e+06
1.545652098472340731e+04 8.667800000000000000e+04 1.000000000000000000e+06
1.618710017702885671e+04 8.668500000000000000e+04 1.000000000000000000e+06
1.695221145820195306e+04 8.668400000000000000e+04 1.000000000000000000e+06
1.775348704713717234e+04 8.667700000000000000e+04 1.000000000000000000e+06
1.859263631237752270e+04 8.667700000000000000e+04 1.000000000000000000e+06
1.947144941872595518e+04 8.669400000000000000e+04 1.000000000000000000e+06
2.039180114622071778e+04 8.668400000000000000e+04 1.000000000000000000e+06
2.135565488962026211e+04 8.668200000000000000e+04 1.000000000000000000e+06
2.236506684693145871e+04 8.668700000000000000e+04 1.000000000000000000e+06
2.342219040591590237e+04 8.668900000000000000e+04 1.000000000000000000e+06
2.452928073793112708e+04 8.667100000000000000e+04 1.000000000000000000e+06
2.568869960890878792e+04 8.668600000000000000e+04 1.000000000000000000e+06
2.690292041773135861e+04 8.668200000000000000e+04 1.000000000000000000e+06
2.817453347275641499e+04 8.668300000000000000e+04 1.000000000000000000e+06
2.950625151774547703e+04 8.667700000000000000e+04 1.000000000000000000e+06
3.090091551898493344e+04 8.668100000000000000e+04 1.000000000000000000e+06
3.236150072594519588e+04 8.668200000000000000e+04 1.000000000000000000e+06
3.389112301840800501e+04 8.666600000000000000e+04 1.000000000000000000e+06
3.549304555360108498e+04 8.667700000000000000e+04 1.000000000000000000e+06
3.717068572752106411e+04 8.667700000000000000e+04 1.000000000000000000e+06
3.892762246529606637e+04 8.668000000000000000e+04 1.000000000000000000e+06
4.076760385613919789e+04 8.667400000000000000e+04 1.000000000000000000e+06
4.269455514918122935e+04 8.667700000000000000e+04 1.000000000000000000e+06
4.471258712724135694e+04 8.667700000000000000e+04 1.000000000000000000e+06
4.682600487639673520e+04 8.667800000000000000e+04 1.000000000000000000e+06
4.903931697006242757e+04 8.667100000000000000e+04 1.000000000000000000e+06
5.135724508717293793e+04 8.666900000000000000e+04 1.000000000000000000e+06
5.378473408498182107e+04 8.668900000000000000e+04 1.000000000000000000e+06
5.632696254797191796e+04 8.666800000000000000e+04 1.000000000000000000e+06
5.898935383537668531e+04 8.667100000000000000e+04 1.000000000000000000e+06
6.177758765088165092e+04 8.666900000000000000e+04 1.000000000000000000e+06
6.469761215918893140e+04 8.668400000000000000e+04 1.000000000000000000e+06
6.775565667529110215e+04 8.668200000000000000e+04 1.000000000000000000e+06
7.095824495352536906e+04 8.665800000000000000e+04 1.000000000000000000e+06
7.431220910475924029e+04 8.668800000000000000e+04 1.000000000000000000e+06
7.782470417139471101e+04 8.666900000000000000e+04 1.000000000000000000e+06
8.150322339128519525e+04 8.667200000000000000e+04 1.000000000000000000e+06
8.535561418312926253e+04 8.666600000000000000e+04 1.000000000000000000e+06
8.939009488744035480e+04 8.667000000000000000e+04 1.000000000000000000e+06
9.361527229880717641e+04 8.666000000000000000e+04 1.000000000000000000e+06
9.804016002684838895e+04 8.666700000000000000e+04 1.000000000000000000e+06
1.026741977250277560e+05 8.667500000000000000e+04 1.000000000000000000e+06
1.075272712283535802e+05 8.667200000000000000e+04 1.000000000000000000e+06
1.126097336429201241e+05 8.666200000000000000e+04 1.000000000000000000e+06
1.179324274322848360e+05 8.664400000000000000e+04 1.000000000000000000e+06
1.235067075477943872e+05 8.664600000000000000e+04 9.999990000000000000e+05
1.293444656522054429e+05 8.666800000000000000e+04 9.999980000000000000e+05
1.354581554882791825e+05 8.668000000000000000e+04 9.999970000000000000e+05
1.418608194464635162e+05 8.666500000000000000e+04 9.999950000000000000e+05
1.485661163883445843e+05 8.663400000000000000e+04 9.999900000000000000e+05
1.555883507852198672e+05 8.666600000000000000e+04 9.999900000000000000e+05
1.629425032339594036e+05 8.667100000000000000e+04 9.999840000000000000e+05
1.706442624152493372e+05 8.666600000000000000e+04 9.999860000000000000e+05
1.787100585623968218e+05 8.664300000000000000e+04 9.999870000000000000e+05
1.871570985120990372e+05 8.662700000000000000e+04 9.999750000000000000e+05
1.960034024119444366e+05 8.663600000000000000e+04 9.999670000000000000e+05
2.052678421629570366e+05 8.665100000000000000e+04 9.999510000000000000e+05
2.149701816791979363e+05 8.662200000000000000e+04 9.999410000000000000e+05
2.251311190503024263e+05 8.662700000000000000e+04 9.999330000000000000e+05
2.357723306969047408e+05 8.662900000000000000e+04 9.999160000000000000e+05
2.469165176131425833e+05 8.667600000000000000e+04 9.999150000000000000e+05
2.585874537948983489e+05 8.665700000000000000e+04 9.998930000000000000e+05
2.708100369570807670e+05 8.663200000000000000e+04 9.998670000000000000e+05
2.836103416481460445e+05 8.665300000000000000e+04 9.998500000000000000e+05
2.970156748751738342e+05 8.660100000000000000e+04 9.998200000000000000e+05
3.110546343581532710e+05 8.664600000000000000e+04 9.997850000000000000e+05
3.257571695377613069e+05 8.666200000000000000e+04 9.997630000000000000e+05
3.411546454667764483e+05 8.670400000000000000e+04 9.997210000000000000e+05
3.572799097214361536e+05 8.666900000000000000e+04 9.996980000000000000e+05
3.741673624754701159e+05 8.666000000000000000e+04 9.996700000000000000e+05
3.918530298863029457e+05 8.668700000000000000e+04 9.995980000000000000e+05
4.103746409499900765e+05 8.663900000000000000e+04 9.995600000000000000e+05
4.297717079888278386e+05 8.664500000000000000e+04 9.995090000000000000e+05
4.500856109433493693e+05 8.662400000000000000e+04 9.994850000000000000e+05
4.713596856485354365e+05 8.664500000000000000e+04 9.994160000000000000e+05
4.936393162825441104e+05 8.660400000000000000e+04 9.993720000000000000e+05
5.169720321851951303e+05 8.668700000000000000e+04 9.993000000000000000e+05
5.414076092527409783e+05 8.669600000000000000e+04 9.992380000000000000e+05
5.669981761252481956e+05 8.667600000000000000e+04 9.991670000000000000e+05
5.937983253930984065e+05 8.668100000000000000e+04 9.990520000000000000e+05
6.218652300598578295e+05 8.660500000000000000e+04 9.990060000000000000e+05
6.512587655099752592e+05 8.667200000000000000e+04 9.989160000000000000e+05
6.820416372414844809e+05 8.671500000000000000e+04 9.988390000000000000e+05
7.142795146362121450e+05 8.663400000000000000e+04 9.987800000000000000e+05
7.480411710528786061e+05 8.670900000000000000e+04 9.986420000000000000e+05
7.833986305419286946e+05 8.670800000000000000e+04 9.985490000000000000e+05
8.204273214950991096e+05 8.673900000000000000e+04 9.984810000000000000e+05
8.592062375574909383e+05 8.657700000000000000e+04 9.983450000000000000e+05
8.998181061454439769e+05 8.670900000000000000e+04 9.981640000000000000e+05
9.423495649296874180e+05 8.674600000000000000e+04 9.980770000000000000e+05
9.868913466602682602e+05 8.662800000000000000e+04 9.979860000000000000e+05
1.033538472727568354e+06 8.673800000000000000e+04 9.978030000000000000e+05
1.082390455872301012e+06 8.670000000000000000e+04 9.976730000000000000e+05
1.133551512476943433e+06 8.664800000000000000e+04 9.975180000000000000e+05
1.187130784891511779e+06 8.668600000000000000e+04 9.973760000000000000e+05
1.243242574267926393e+06 8.661800000000000000e+04 9.972270000000000000e+05
1.302006584399709944e+06 8.665100000000000000e+04 9.970530000000000000e+05
1.363548177087172866e+06 8.661500000000000000e+04 9.969100000000000000e+05
1.427998639572906541e+06 8.657700000000000000e+04 9.966850000000000000e+05
1.495495464618049329e+06 8.641800000000000000e+04 9.965640000000000000e+05
1.566182643816843396e+06 8.663100000000000000e+04 9.963530000000000000e+05
1.640210974775237730e+06 8.660600000000000000e+04 9.961560000000000000e+05
1.717738382808787283e+06 8.664600000000000000e+04 9.959170000000000000e+05
1.798930257846180815e+06 8.675000000000000000e+04 9.957850000000000000e+05
1.883959807257073233e+06 8.663600000000000000e+04 9.955900000000000000e+05
1.973008425356974127e+06 8.659000000000000000e+04 9.953580000000000000e+05
2.066266080377389444e+06 8.667100000000000000e+04 9.950840000000000000e+05
2.163931719726773910e+06 8.627500000000000000e+04 9.948450000000000000e+05
2.266213694406883325e+06 8.647300000000000000e+04 9.946270000000000000e+05
2.373330203489858657e+06 8.660000000000000000e+04 9.944250000000000000e+05
2.485509759604290593e+06 8.640300000000000000e+04 9.941210000000000000e+05
2.602991676423324738e+06 8.632400000000000000e+04 9.939540000000000000e+05
2.726026579194693826e+06 8.641000000000000000e+04 9.938340000000000000e+05
2.854876939401860815e+06 8.629700000000000000e+04 9.935410000000000000e+05
2.989817634696811438e+06 8.624200000000000000e+04 9.931720000000000000e+05
3.131136535299098119e+06 8.598800000000000000e+04 9.930560000000000000e+05
3.279135118111996911e+06 8.643300000000000000e+04 9.927460000000000000e+05
3.434129109865921549e+06 8.609100000000000000e+04 9.924760000000000000e+05
3.596449160661185626e+06 8.651900000000000000e+04 9.922700000000000000e+05
3.766441549346864689e+06 8.597400000000000000e+04 9.920730000000000000e+05
3.944468922240612563e+06 8.618300000000000000e+04 9.917560000000000000e+05
4.130911066765409429e+06 8.629900000000000000e+04 9.915740000000000000e+05
4.326165721653518267e+06 8.614400000000000000e+04 9.913820000000000000e+05
4.530649425446174107e+06 8.626600000000000000e+04 9.911340000000000000e+05
4.744798405099028721e+06 8.612000000000000000e+04 9.909280000000000000e+05
4.969069506589162163e+06 8.628800000000000000e+04 9.905720000000000000e+05
5.203941169508753344e+06 8.621600000000000000e+04 9.903930000000000000e+05
5.449914447724610567e+06 8.606600000000000000e+04 9.901030000000000000e+05
5.707514078281028196e+06 8.593000000000000000e+04 9.898550000000000000e+05
5.977289600826093927e+06 8.644700000000000000e+04 9.896460000000000000e+05
6.259816529949610122e+06 8.630800000000000000e+04 9.891760000000000000e+05
6.555697582933701575e+06 8.626100000000000000e+04 9.893450000000000000e+05
6.865563965535063297e+06 8.647200000000000000e+04 9.889930000000000000e+05
7.190076718541994691e+06 8.586600000000000000e+04 9.886100000000000000e+05
7.529928127978707664e+06 8.566000000000000000e+04 9.885810000000000000e+05
7.885843201965518296e+06 8.575400000000000000e+04 9.882090000000000000e+05
8.258581217385259457e+06 8.574300000000000000e+04 9.882200000000000000e+05
8.648937339655550197e+06 8.577700000000000000e+04 9.879720000000000000e+05
9.057744319062551484e+06 8.569700000000000000e+04 9.877100000000000000e+05
9.485874267274703830e+06 8.565000000000000000e+04 9.874810000000000000e+05
9.934240517826564610e+06 8.601800000000000000e+04 9.873550000000000000e+05
1.040379957454150915e+07 8.586500000000000000e+04 9.872070000000000000e+05
1.089555315205020644e+07 8.604200000000000000e+04 9.869640000000000000e+05
1.141055031275754236e+07 8.580500000000000000e+04 9.866550000000000000e+05
1.194988970481698401e+07 8.593500000000000000e+04 9.864440000000000000e+05
1.251472190588685684e+07 8.552700000000000000e+04 9.862990000000000000e+05
1.310625187766813114e+07 8.548900000000000000e+04 9.861410000000000000e+05
1.372574153646015935e+07 8.520600000000000000e+04 9.859150000000000000e+05
1.437451244521841034e+07 8.535600000000000000e+04 9.859560000000000000e+05
1.505394863285670616e+07 8.557900000000000000e+04 9.856130000000000000e+05
1.576549954680883326e+07 8.542800000000000000e+04 9.854620000000000000e+05
1.651068314514786936e+07 8.566400000000000000e+04 9.854160000000000000e+05
1.729108913486021757e+07 8.503400000000000000e+04 9.852150000000000000e+05
1.810838236318198591e+07 8.565000000000000000e+04 9.850130000000000000e+05
1.896430636923268065e+07 8.540800000000000000e+04 9.848810000000000000e+05
1.986068710352341458e+07 8.566300000000000000e+04 9.846190000000000000e+05
2.079943682327369228e+07 8.580500000000000000e+04 9.846090000000000000e+05
2.178255817184712365e+07 8.529000000000000000e+04 9.843630000000000000e+05
2.281214845100906491e+07 8.531700000000000000e+04 9.843390000000000000e+05
2.389040409511950612e+07 8.549600000000000000e+04 9.843950000000000000e+05
2.501962535680665076e+07 8.534800000000000000e+04 9.841640000000000000e+05
2.620222121411670744e+07 8.539800000000000000e+04 9.841080000000000000e+05
2.744071450960908830e+07 8.558100000000000000e+04 9.839700000000000000e+05
2.873774733235936239e+07 8.552600000000000000e+04 9.836790000000000000e+05
3.009608665435187519e+07 8.553800000000000000e+04 9.837260000000000000e+05
3.151863023328673467e+07 8.547900000000000000e+04 9.836420000000000000e+05
3.300841279439259320e+07 8.568600000000000000e+04 9.835040000000000000e+05
3.456861250443385541e+07 8.557400000000000000e+04 9.835880000000000000e+05
3.620255775172264129e+07 8.550500000000000000e+04 9.834930000000000000e+05
3.791373424660041183e+07 8.590700000000000000e+04 9.833180000000000000e+05
3.970579245753554255e+07 8.535200000000000000e+04 9.833100000000000000e+05
4.158255539870085567e+07 8.543400000000000000e+04 9.833150000000000000e+05
4.354802678564515710e+07 8.521800000000000000e+04 9.832610000000000000e+05
4.560639957645607740e+07 8.584600000000000000e+04 9.831780000000000000e+05
4.776206491663558036e+07 8.521200000000000000e+04 9.831250000000000000e+05
5.001962150677137077e+07 8.542900000000000000e+04 9.831130000000000000e+05
5.238388541298658401e+07 8.564600000000000000e+04 9.827860000000000000e+05
5.485990034109789878e+07 8.532600000000000000e+04 9.831650000000000000e+05
5.745294839639881998e+07 8.515700000000000000e+04 9.828340000000000000e+05
6.016856135202389956e+07 8.544800000000000000e+04 9.828980000000000000e+05
6.301253244993064553e+07 8.601400000000000000e+04 9.829360000000000000e+05
6.599092875967518240e+07 8.514800000000000000e+04 9.826760000000000000e+05
6.911010412134797871e+07 8.544400000000000000e+04 9.828860000000000000e+05
7.237671270027866960e+07 8.514400000000000000e+04 9.829640000000000000e+05
7.579772318242740631e+07 8.572000000000000000e+04 9.829370000000000000e+05
7.938043364074717462e+07 8.573200000000000000e+04 9.829710000000000000e+05
8.313248710422897339e+07 8.602600000000000000e+04 9.826370000000000000e+05
8.706188786284591258e+07 8.532100000000000000e+04 9.826150000000000000e+05
9.117701854317739606e+07 8.574700000000000000e+04 9.824270000000000000e+05
9.548665799114418030e+07 8.546700000000000000e+04 9.826120000000000000e+05
1.000000000000000000e+08 8.580600000000000000e+04 9.823890000000000000e+05
