#Energy: GeV, NMuons(above 10GeV), Total Events
1.000000000000000000e+01 0.000000000000000000e+00 1.000000000000000000e+06
1.047266729235349914e+01 2.290000000000000000e+02 1.000000000000000000e+06
1.096767602163307487e+01 5.320000000000000000e+02 1.000000000000000000e+06
1.148608219448865064e+01 8.240000000000000000e+02 1.000000000000000000e+06
1.202899173155051926e+01 1.130000000000000000e+03 1.000000000000000000e+06
1.259756282669997951e+01 1.483000000000000000e+03 1.000000000000000000e+06
1.319300841785491585e+01 1.974000000000000000e+03 1.000000000000000000e+06
1.381659877454135454e+01 2.571000000000000000e+03 1.000000000000000000e+06
1.446966420777107487e+01 3.190000000000000000e+03 1.000000000000000000e+06
1.515359790800622264e+01 4.002000000000000000e+03 1.000000000000000000e+06
1.586985891726531683e+01 4.880000000000000000e+03 1.000000000000000000e+06
1.661997524171090035e+01 5.888000000000000000e+03 1.000000000000000000e+06
1.740554711135906629e+01 7.069000000000000000e+03 1.000000000000000000e+06
1.822825039386481194e+01 8.360000000000000000e+03 1.000000000000000000e+06
1.908984016966576647e+01 9.727000000000000000e+03 1.000000000000000000e+06
1.999215447611147312e+01 1.119600000000000000e+04 1.000000000000000000e+06
2.093711822856512228e+01 1.273600000000000000e+04 1.000000000000000000e+06
2.192674732684321981e+01 1.446200000000000000e+04 1.000000000000000000e+06
2.296315295575305981e+01 1.632300000000000000e+04 1.000000000000000000e+06
2.404854608890255108e+01 1.817800000000000000e+04 1.000000000000000000e+06
2.518524220539055136e+01 2.008000000000000000e+04 1.000000000000000000e+06
2.637566622943945305e+01 2.201100000000000000e+04 1.000000000000000000e+06
2.762235770350832809e+01 2.397200000000000000e+04 1.000000000000000000e+06
2.892797620592203600e+01 2.591200000000000000e+04 1.000000000000000000e+06
3.029530702457399371e+01 2.795600000000000000e+04 1.000000000000000000e+06
3.172726709880634033e+01 2.991100000000000000e+04 1.000000000000000000e+06
3.322691124214324532e+01 3.205400000000000000e+04 1.000000000000000000e+06
3.479743865915263257e+01 3.398200000000000000e+04 1.000000000000000000e+06
3.644219977033849034e+01 3.591700000000000000e+04 1.000000000000000000e+06
3.816470335962360849e+01 3.786000000000000000e+04 1.000000000000000000e+06
3.996862405967040388e+01 3.967600000000000000e+04 1.000000000000000000e+06
4.185781019100834044e+01 4.148800000000000000e+04 1.000000000000000000e+06
4.383629197169139502e+01 4.332400000000000000e+04 1.000000000000000000e+06
4.590829011499907608e+01 4.517300000000000000e+04 1.000000000000000000e+06
4.807822483352261855e+01 4.694200000000000000e+04 1.000000000000000000e+06
5.035072526884503219e+01 4.865600000000000000e+04 1.000000000000000000e+06
5.273063936693102249e+01 5.019200000000000000e+04 1.000000000000000000e+06
5.522304422029462501e+01 5.168800000000000000e+04 1.000000000000000000e+06
5.783325689900704702e+01 5.324600000000000000e+04 1.000000000000000000e+06
6.056684579365083465e+01 5.453800000000000000e+04 1.000000000000000000e+06
6.342964249441855173e+01 5.594500000000000000e+04 1.000000000000000000e+06
6.642775423169723581e+01 5.728400000000000000e+04 1.000000000000000000e+06
6.956757690467927091e+01 5.865100000000000000e+04 1.000000000000000000e+06
7.285580872579213008e+01 6.004100000000000000e+04 1.000000000000000000e+06
7.629946451005658048e+01 6.126900000000000000e+04 1.000000000000000000e+06
7.990589063985565588e+01 6.255700000000000000e+04 1.000000000000000000e+06
8.368278073703913833e+01 6.366100000000000000e+04 1.000000000000000000e+06
8.763819207579796000e+01 6.472000000000000000e+04 1.000000000000000000e+06
9.178056277132029095e+01 6.573200000000000000e+04 1.000000000000000000e+06
9.611872978090030983e+01 6.679500000000000000e+04 1.000000000000000000e+06
1.006619477558999307e+02 6.779200000000000000e+04 1.000000000000000000e+06
1.054199087847809437e+02 6.875400000000000000e+04 1.000000000000000000e+06
1.104027630693265110e+02 6.971400000000000000e+04 1.000000000000000000e+06
1.156211405781589150e+02 7.059000000000000000e+04 1.000000000000000000e+06
1.210861737237489990e+02 7.144600000000000000e+04 1.000000000000000000e+06
1.268095211112939182e+02 7.220500000000000000e+04 1.000000000000000000e+06
1.328033924101258947e+02 7.297600000000000000e+04 1.000000000000000000e+06
1.390805744007112992e+02 7.364800000000000000e+04 1.000000000000000000e+06
1.456544582528065632e+02 7.427600000000000000e+04 1.000000000000000000e+06
1.525390680929636176e+02 7.503000000000000000e+04 1.000000000000000000e+06
1.597490909223264168e+02 7.566500000000000000e+04 1.000000000000000000e+06
1.672999079485452114e+02 7.622100000000000000e+04 1.000000000000000000e+06
1.752076273986481283e+02 7.678900000000000000e+04 1.000000000000000000e+06
1.834891188828682118e+02 7.729200000000000000e+04 1.000000000000000000e+06
1.921620493827375356e+02 7.784200000000000000e+04 1.000000000000000000e+06
2.012449209402212205e+02 7.829500000000000000e+04 1.000000000000000000e+06
2.107571101282921688e+02 7.876700000000000000e+04 1.000000000000000000e+06
2.207189093871510579e+02 7.916400000000000000e+04 1.000000000000000000e+06
2.311515703142751192e+02 7.954300000000000000e+04 1.000000000000000000e+06
2.420773490006460236e+02 7.993900000000000000e+04 1.000000000000000000e+06
2.535195535098709740e+02 8.033600000000000000e+04 1.000000000000000000e+06
2.655025936014886838e+02 8.065600000000000000e+04 1.000000000000000000e+06
2.780520328045335532e+02 8.100600000000000000e+04 1.000000000000000000e+06
2.911946429524441555e+02 8.131500000000000000e+04 1.000000000000000000e+06
3.049584612956615501e+02 8.163800000000000000e+04 1.000000000000000000e+06
3.193728503137523376e+02 8.193100000000000000e+04 1.000000000000000000e+06
3.344685603546545849e+02 8.220300000000000000e+04 1.000000000000000000e+06
3.502777952346754660e+02 8.245900000000000000e+04 1.000000000000000000e+06
3.668342809391880337e+02 8.273600000000000000e+04 1.000000000000000000e+06
3.841733375705850904e+02 8.298600000000000000e+04 1.000000000000000000e+06
4.023319546969747762e+02 8.321800000000000000e+04 1.000000000000000000e+06
4.213488702623654945e+02 8.343300000000000000e+04 1.000000000000000000e+06
4.412646532266770691e+02 8.368200000000000000e+04 1.000000000000000000e+06
4.621217901118736791e+02 8.385600000000000000e+04 1.000000000000000000e+06
4.839647756388465041e+02 8.409100000000000000e+04 1.000000000000000000e+06
5.068402076484144345e+02 8.428400000000000000e+04 1.000000000000000000e+06
5.307968865089208066e+02 8.446400000000000000e+04 1.000000000000000000e+06
5.558859192225049810e+02 8.460800000000000000e+04 1.000000000000000000e+06
5.821608284521383894e+02 8.475800000000000000e+04 1.000000000000000000e+06
6.096776667020128571e+02 8.493800000000000000e+04 1.000000000000000000e+06
6.384951358948570714e+02 8.505500000000000000e+04 1.000000000000000000e+06
6.686747126012868421e+02 8.515800000000000000e+04 1.000000000000000000e+06
7.002807791883368509e+02 8.530400000000000000e+04 1.000000000000000000e+06
7.333807611669521975e+02 8.541800000000000000e+04 1.000000000000000000e+06
7.680452710314457363e+02 8.554600000000000000e+04 1.000000000000000000e+06
8.043482588977794876e+02 8.565200000000000000e+04 1.000000000000000000e+06
8.423671702620263204e+02 8.575800000000000000e+04 1.000000000000000000e+06
8.821831112155498431e+02 8.585100000000000000e+04 1.000000000000000000e+06
9.238810214693733087e+02 8.595000000000000000e+04 1.000000000000000000e+06
9.675498555568450456e+02 8.601700000000000000e+04 1.000000000000000000e+06
1.013282772601151805e+03 8.607700000000000000e+04 1.000000000000000000e+06
1.061177335052535454e+03 8.614400000000000000e+04 1.000000000000000000e+06
1.111335716819154413e+03 8.621100000000000000e+04 1.000000000000000000e+06
1.163864921235618340e+03 8.626100000000000000e+04 1.000000000000000000e+06
1.218877009334184550e+03 8.631900000000000000e+04 1.000000000000000000e+06
1.276489338905575778e+03 8.634100000000000000e+04 1.000000000000000000e+06
1.336824814859437083e+03 8.638400000000000000e+04 1.000000000000000000e+06
1.400012151418495478e+03 8.642600000000000000e+04 1.000000000000000000e+06
1.466186146705792453e+03 8.645100000000000000e+04 1.000000000000000000e+06
1.535487970310756737e+03 8.650300000000000000e+04 1.000000000000000000e+06
1.608065464447571458e+03 8.654100000000000000e+04 1.000000000000000000e+06
1.684073459348332563e+03 8.655000000000000000e+04 1.000000000000000000e+06
1.763674103563788321e+03 8.658000000000000000e+04 1.000000000000000000e+06
1.847037209876337329e+03 8.660100000000000000e+04 1.000000000000000000e+06
1.934340617563179194e+03 8.662200000000000000e+04 1.000000000000000000e+06
2.025770571782476281e+03 8.663500000000000000e+04 1.000000000000000000e+06
2.121522120891859231e+03 8.664600000000000000e+04 1.000000000000000000e+06
2.221799532546859155e+03 8.663000000000000000e+04 1.000000000000000000e+06
2.326816729466979268e+03 8.664400000000000000e+04 1.000000000000000000e+06
2.436797745798978667e+03 8.665200000000000000e+04 1.000000000000000000e+06
2.551977205050968678e+03 8.665000000000000000e+04 1.000000000000000000e+06
2.672600820616899000e+03 8.666200000000000000e+04 1.000000000000000000e+06
2.798925919959170187e+03 8.666600000000000000e+04 1.000000000000000000e+06
2.931221993567684422e+03 8.666500000000000000e+04 1.000000000000000000e+06
3.069771269866351759e+03 8.666200000000000000e+04 1.000000000000000000e+06
3.214869317293579115e+03 8.663900000000000000e+04 1.000000000000000000e+06
3.366825674841130422e+03 8.663900000000000000e+04 1.000000000000000000e+06
3.525964512396468308e+03 8.665100000000000000e+04 1.000000000000000000e+06
3.692625322297366438e+03 8.665500000000000000e+04 1.000000000000000000e+06
3.867163643573994705e+03 8.666000000000000000e+04 1.000000000000000000e+06
4.049951820423593290e+03 8.665400000000000000e+04 1.000000000000000000e+06
4.241379796535769856e+03 8.665600000000000000e+04 1.000000000000000000e+06
4.441855946962907183e+03 8.665000000000000000e+04 1.000000000000000000e+06
4.651807949310433287e+03 8.665000000000000000e+04 1.000000000000000000e+06
4.871683696105340459e+03 8.664700000000000000e+04 1.000000000000000000e+06
5.101952250289416952e+03 8.664900000000000000e+04 1.000000000000000000e+06
5.343104845875533101e+03 8.665100000000000000e+04 1.000000000000000000e+06
5.595655935901614612e+03 8.665200000000000000e+04 1.000000000000000000e+06
5.860144289918057439e+03 8.665700000000000000e+04 1.000000000000000000e+06
6.137134143349699116e+03 8.665400000000000000e+04 1.000000000000000000e+06
6.427216401184427014e+03 8.664700000000000000e+04 1.000000000000000000e+06
6.731009898556214466e+03 8.664900000000000000e+04 1.000000000000000000e+06
7.049162720911726865e+03 8.665000000000000000e+04 1.000000000000000000e+06
7.382353586576987254e+03 8.664500000000000000e+04 1.000000000000000000e+06
7.731293294673339005e+03 8.663600000000000000e+04 1.000000000000000000e+06
8.096726241471736103e+03 8.664600000000000000e+04 1.000000000000000000e+06
8.479432008420137208e+03 8.664100000000000000e+04 1.000000000000000000e+06
8.880227025231684820e+03 8.664100000000000000e+04 1.000000000000000000e+06
9.299966311581752962e+03 8.664000000000000000e+04 1.000000000000000000e+06
9.739545301129157451e+03 8.663800000000000000e+04 1.000000000000000000e+06
1.019990175175304648e+04 8.663800000000000000e+04 1.000000000000000000e+06
1.068201774608034611e+04 8.662800000000000000e+04 1.000000000000000000e+06
1.118692178657152181e+04 8.664100000000000000e+04 1.000000000000000000e+06
1.171569098963442775e+04 8.664000000000000000e+04 1.000000000000000000e+06
1.226945338344652555e+04 8.663400000000000000e+04 1.000000000000000000e+06
1.284939031438763232e+04 8.663700000000000000e+04 1.000000000000000000e+06
1.345673896721711208e+04 8.663700000000000000e+04 1.000000000000000000e+06
1.409279500437136630e+04 8.663500000000000000e+04 1.000000000000000000e+06
1.475891533001227072e+04 8.663100000000000000e+04 1.000000000000000000e+06
1.545652098472340731e+04 8.663300000000000000e+04 1.000000000000000000e+06
1.618710017702885671e+04 8.663700000000000000e+04 1.000000000000000000e+06
1.695221145820195306e+04 8.663900000000000000e+04 1.000000000000000000e+06
1.775348704713717234e+04 8.663300000000000000e+04 1.000000000000000000e+06
1.859263631237752270e+04 8.663500000000000000e+04 1.000000000000000000e+06
1.947144941872595518e+04 8.664000000000000000e+04 1.000000000000000000e+06
2.039180114622071778e+04 8.663800000000000000e+04 1.000000000000000000e+06
2.135565488962026211e+04 8.664400000000000000e+04 1.000000000000000000e+06
2.236506684693145871e+04 8.663500000000000000e+04 1.000000000000000000e+06
2.342219040591590237e+04 8.664500000000000000e+04 1.000000000000000000e+06
2.452928073793112708e+04 8.663600000000000000e+04 1.000000000000000000e+06
2.568869960890878792e+04 8.663700000000000000e+04 1.000000000000000000e+06
2.690292041773135861e+04 8.664100000000000000e+04 1.000000000000000000e+06
2.817453347275641499e+04 8.663600000000000000e+04 1.000000000000000000e+06
2.950625151774547703e+04 8.664100000000000000e+04 1.000000000000000000e+06
3.090091551898493344e+04 8.664000000000000000e+04 1.000000000000000000e+06
3.236150072594519588e+04 8.663900000000000000e+04 1.000000000000000000e+06
3.389112301840800501e+04 8.662900000000000000e+04 1.000000000000000000e+06
3.549304555360108498e+04 8.663100000000000000e+04 1.000000000000000000e+06
3.717068572752106411e+04 8.663100000000000000e+04 1.000000000000000000e+06
3.892762246529606637e+04 8.663700000000000000e+04 1.000000000000000000e+06
4.076760385613919789e+04 8.662800000000000000e+04 1.000000000000000000e+06
4.269455514918122935e+04 8.663100000000000000e+04 1.000000000000000000e+06
4.471258712724135694e+04 8.663300000000000000e+04 1.000000000000000000e+06
4.682600487639673520e+04 8.663600000000000000e+04 1.000000000000000000e+06
4.903931697006242757e+04 8.662700000000000000e+04 1.000000000000000000e+06
5.135724508717293793e+04 8.662600000000000000e+04 1.000000000000000000e+06
5.378473408498182107e+04 8.663900000000000000e+04 1.000000000000000000e+06
5.632696254797191796e+04 8.663400000000000000e+04 1.000000000000000000e+06
5.898935383537668531e+04 8.663000000000000000e+04 1.000000000000000000e+06
6.177758765088165092e+04 8.661200000000000000e+04 1.000000000000000000e+06
6.469761215918893140e+04 8.663900000000000000e+04 1.000000000000000000e+06
6.775565667529110215e+04 8.663200000000000000e+04 1.000000000000000000e+06
7.095824495352536906e+04 8.660800000000000000e+04 1.000000000000000000e+06
7.431220910475924029e+04 8.664700000000000000e+04 1.000000000000000000e+06
7.782470417139471101e+04 8.661800000000000000e+04 1.000000000000000000e+06
8.150322339128519525e+04 8.661500000000000000e+04 1.000000000000000000e+06
8.535561418312926253e+04 8.661200000000000000e+04 1.000000000000000000e+06
8.939009488744035480e+04 8.662500000000000000e+04 1.000000000000000000e+06
9.361527229880717641e+04 8.661600000000000000e+04 1.000000000000000000e+06
9.804016002684838895e+04 8.661400000000000000e+04 1.000000000000000000e+06
1.026741977250277560e+05 8.662700000000000000e+04 1.000000000000000000e+06
1.075272712283535802e+05 8.662400000000000000e+04 1.000000000000000000e+06
1.126097336429201241e+05 8.662800000000000000e+04 1.000000000000000000e+06
1.179324274322848360e+05 8.661700000000000000e+04 1.000000000000000000e+06
1.235067075477943872e+05 8.659700000000000000e+04 9.999980000000000000e+05
1.293444656522054429e+05 8.661500000000000000e+04 9.999970000000000000e+05
1.354581554882791825e+05 8.662700000000000000e+04 9.999970000000000000e+05
1.418608194464635162e+05 8.660700000000000000e+04 9.999930000000000000e+05
1.485661163883445843e+05 8.657700000000000000e+04 9.999910000000000000e+05
1.555883507852198672e+05 8.659900000000000000e+04 9.999880000000000000e+05
1.629425032339594036e+05 8.661200000000000000e+04 9.999870000000000000e+05
1.706442624152493372e+05 8.661900000000000000e+04 9.999860000000000000e+05
1.787100585623968218e+05 8.659800000000000000e+04 9.999850000000000000e+05
1.871570985120990372e+05 8.658700000000000000e+04 9.999760000000000000e+05
1.960034024119444366e+05 8.662700000000000000e+04 9.999680000000000000e+05
2.052678421629570366e+05 8.659900000000000000e+04 9.999520000000000000e+05
2.149701816791979363e+05 8.660300000000000000e+04 9.999380000000000000e+05
2.251311190503024263e+05 8.657100000000000000e+04 9.999270000000000000e+05
2.357723306969047408e+05 8.658400000000000000e+04 9.999160000000000000e+05
2.469165176131425833e+05 8.659900000000000000e+04 9.999070000000000000e+05
2.585874537948983489e+05 8.661900000000000000e+04 9.998940000000000000e+05
2.708100369570807670e+05 8.659500000000000000e+04 9.998740000000000000e+05
2.836103416481460445e+05 8.661500000000000000e+04 9.998580000000000000e+05
2.970156748751738342e+05 8.659600000000000000e+04 9.998210000000000000e+05
3.110546343581532710e+05 8.660500000000000000e+04 9.997910000000000000e+05
3.257571695377613069e+05 8.664500000000000000e+04 9.997650000000000000e+05
3.411546454667764483e+05 8.666300000000000000e+04 9.997410000000000000e+05
3.572799097214361536e+05 8.660800000000000000e+04 9.997000000000000000e+05
3.741673624754701159e+05 8.663800000000000000e+04 9.996800000000000000e+05
3.918530298863029457e+05 8.665300000000000000e+04 9.996100000000000000e+05
4.103746409499900765e+05 8.658700000000000000e+04 9.995740000000000000e+05
4.297717079888278386e+05 8.658200000000000000e+04 9.995360000000000000e+05
4.500856109433493693e+05 8.662100000000000000e+04 9.995060000000000000e+05
4.713596856485354365e+05 8.662900000000000000e+04 9.994300000000000000e+05
4.936393162825441104e+05 8.655100000000000000e+04 9.993860000000000000e+05
5.169720321851951303e+05 8.663300000000000000e+04 9.993100000000000000e+05
5.414076092527409783e+05 8.666700000000000000e+04 9.992550000000000000e+05
5.669981761252481956e+05 8.664900000000000000e+04 9.991980000000000000e+05
5.937983253930984065e+05 8.665400000000000000e+04 9.990930000000000000e+05
6.218652300598578295e+05 8.655800000000000000e+04 9.990350000000000000e+05
6.512587655099752592e+05 8.660500000000000000e+04 9.989520000000000000e+05
6.820416372414844809e+05 8.665500000000000000e+04 9.988740000000000000e+05
7.142795146362121450e+05 8.658600000000000000e+04 9.987950000000000000e+05
7.480411710528786061e+05 8.663900000000000000e+04 9.986620000000000000e+05
7.833986305419286946e+05 8.671600000000000000e+04 9.985860000000000000e+05
8.204273214950991096e+05 8.663600000000000000e+04 9.984990000000000000e+05
8.592062375574909383e+05 8.657900000000000000e+04 9.983890000000000000e+05
8.998181061454439769e+05 8.663000000000000000e+04 9.982010000000000000e+05
9.423495649296874180e+05 8.664800000000000000e+04 9.980930000000000000e+05
9.868913466602682602e+05 8.657800000000000000e+04 9.980150000000000000e+05
1.033538472727568354e+06 8.668600000000000000e+04 9.978390000000000000e+05
1.082390455872301012e+06 8.663000000000000000e+04 9.977240000000000000e+05
1.133551512476943433e+06 8.655000000000000000e+04 9.975370000000000000e+05
1.187130784891511779e+06 8.664900000000000000e+04 9.974550000000000000e+05
1.243242574267926393e+06 8.659900000000000000e+04 9.972530000000000000e+05
1.302006584399709944e+06 8.651900000000000000e+04 9.970980000000000000e+05
1.363548177087172866e+06 8.663500000000000000e+04 9.969630000000000000e+05
1.427998639572906541e+06 8.665300000000000000e+04 9.967170000000000000e+05
1.495495464618049329e+06 8.656500000000000000e+04 9.966460000000000000e+05
1.566182643816843396e+06 8.643700000000000000e+04 9.963920000000000000e+05
1.640210974775237730e+06 8.649900000000000000e+04 9.962000000000000000e+05
1.717738382808787283e+06 8.652200000000000000e+04 9.959470000000000000e+05
1.798930257846180815e+06 8.673500000000000000e+04 9.958420000000000000e+05
1.883959807257073233e+06 8.662500000000000000e+04 9.956260000000000000e+05
1.973008425356974127e+06 8.648000000000000000e+04 9.954080000000000000e+05
2.066266080377389444e+06 8.647400000000000000e+04 9.951570000000000000e+05
2.163931719726773910e+06 8.622800000000000000e+04 9.948530000000000000e+05
2.266213694406883325e+06 8.642700000000000000e+04 9.946650000000000000e+05
2.373330203489858657e+06 8.661800000000000000e+04 9.944620000000000000e+05
2.485509759604290593e+06 8.641000000000000000e+04 9.941310000000000000e+05
2.602991676423324738e+06 8.627900000000000000e+04 9.940070000000000000e+05
2.726026579194693826e+06 8.648700000000000000e+04 9.938450000000000000e+05
2.854876939401860815e+06 8.633800000000000000e+04 9.935340000000000000e+05
2.989817634696811438e+06 8.636400000000000000e+04 9.932100000000000000e+05
3.131136535299098119e+06 8.590800000000000000e+04 9.931460000000000000e+05
3.279135118111996911e+06 8.640500000000000000e+04 9.928190000000000000e+05
3.434129109865921549e+06 8.608400000000000000e+04 9.925020000000000000e+05
3.596449160661185626e+06 8.629200000000000000e+04 9.922410000000000000e+05
3.766441549346864689e+06 8.618200000000000000e+04 9.920960000000000000e+05
3.944468922240612563e+06 8.636300000000000000e+04 9.918090000000000000e+05
4.130911066765409429e+06 8.645200000000000000e+04 9.916180000000000000e+05
4.326165721653518267e+06 8.623800000000000000e+04 9.913800000000000000e+05
4.530649425446174107e+06 8.617500000000000000e+04 9.911390000000000000e+05
4.744798405099028721e+06 8.615400000000000000e+04 9.908750000000000000e+05
4.969069506589162163e+06 8.628900000000000000e+04 9.906120000000000000e+05
5.203941169508753344e+06 8.608900000000000000e+04 9.904270000000000000e+05
5.449914447724610567e+06 8.606300000000000000e+04 9.900320000000000000e+05
5.707514078281028196e+06 8.600400000000000000e+04 9.897990000000000000e+05
5.977289600826093927e+06 8.638900000000000000e+04 9.896990000000000000e+05
6.259816529949610122e+06 8.624500000000000000e+04 9.891600000000000000e+05
6.555697582933701575e+06 8.619600000000000000e+04 9.893810000000000000e+05
6.865563965535063297e+06 8.632600000000000000e+04 9.890180000000000000e+05
7.190076718541994691e+06 8.611700000000000000e+04 9.886060000000000000e+05
7.529928127978707664e+06 8.552600000000000000e+04 9.884920000000000000e+05
7.885843201965518296e+06 8.574700000000000000e+04 9.882270000000000000e+05
8.258581217385259457e+06 8.562000000000000000e+04 9.882190000000000000e+05
8.648937339655550197e+06 8.568200000000000000e+04 9.880420000000000000e+05
9.057744319062551484e+06 8.570000000000000000e+04 9.877180000000000000e+05
9.485874267274703830e+06 8.556300000000000000e+04 9.874660000000000000e+05
9.934240517826564610e+06 8.578100000000000000e+04 9.872930000000000000e+05
1.040379957454150915e+07 8.566500000000000000e+04 9.871660000000000000e+05
1.089555315205020644e+07 8.588500000000000000e+04 9.869020000000000000e+05
1.141055031275754236e+07 8.585400000000000000e+04 9.866590000000000000e+05
1.194988970481698401e+07 8.603200000000000000e+04 9.864650000000000000e+05
1.251472190588685684e+07 8.570000000000000000e+04 9.862900000000000000e+05
1.310625187766813114e+07 8.542300000000000000e+04 9.861680000000000000e+05
1.372574153646015935e+07 8.533500000000000000e+04 9.858490000000000000e+05
1.437451244521841034e+07 8.549900000000000000e+04 9.859610000000000000e+05
1.505394863285670616e+07 8.577800000000000000e+04 9.855660000000000000e+05
1.576549954680883326e+07 8.539300000000000000e+04 9.854600000000000000e+05
1.651068314514786936e+07 8.554500000000000000e+04 9.854990000000000000e+05
1.729108913486021757e+07 8.516100000000000000e+04 9.851840000000000000e+05
1.810838236318198591e+07 8.580800000000000000e+04 9.850010000000000000e+05
1.896430636923268065e+07 8.534600000000000000e+04 9.849050000000000000e+05
1.986068710352341458e+07 8.599500000000000000e+04 9.847180000000000000e+05
2.079943682327369228e+07 8.557700000000000000e+04 9.845920000000000000e+05
2.178255817184712365e+07 8.544100000000000000e+04 9.843540000000000000e+05
2.281214845100906491e+07 8.525100000000000000e+04 9.844080000000000000e+05
2.389040409511950612e+07 8.530100000000000000e+04 9.842760000000000000e+05
2.501962535680665076e+07 8.528400000000000000e+04 9.841210000000000000e+05
2.620222121411670744e+07 8.554000000000000000e+04 9.841800000000000000e+05
2.744071450960908830e+07 8.559800000000000000e+04 9.839100000000000000e+05
2.873774733235936239e+07 8.543900000000000000e+04 9.836980000000000000e+05
3.009608665435187519e+07 8.572100000000000000e+04 9.838110000000000000e+05
3.151863023328673467e+07 8.543600000000000000e+04 9.836600000000000000e+05
3.300841279439259320e+07 8.553200000000000000e+04 9.834520000000000000e+05
3.456861250443385541e+07 8.555800000000000000e+04 9.836250000000000000e+05
3.620255775172264129e+07 8.550800000000000000e+04 9.835000000000000000e+05
3.791373424660041183e+07 8.572400000000000000e+04 9.832660000000000000e+05
3.970579245753554255e+07 8.545600000000000000e+04 9.833920000000000000e+05
4.158255539870085567e+07 8.539100000000000000e+04 9.833200000000000000e+05
4.354802678564515710e+07 8.529000000000000000e+04 9.832740000000000000e+05
4.560639957645607740e+07 8.578500000000000000e+04 9.831150000000000000e+05
4.776206491663558036e+07 8.531800000000000000e+04 9.832900000000000000e+05
5.001962150677137077e+07 8.543000000000000000e+04 9.831590000000000000e+05
5.238388541298658401e+07 8.555200000000000000e+04 9.828670000000000000e+05
5.485990034109789878e+07 8.551200000000000000e+04 9.832440000000000000e+05
5.745294839639881998e+07 8.496400000000000000e+04 9.828570000000000000e+05
6.016856135202389956e+07 8.567400000000000000e+04 9.828370000000000000e+05
6.301253244993064553e+07 8.598100000000000000e+04 9.828460000000000000e+05
6.599092875967518240e+07 8.532800000000000000e+04 9.827360000000000000e+05
6.911010412134797871e+07 8.526100000000000000e+04 9.827110000000000000e+05
7.237671270027866960e+07 8.535400000000000000e+04 9.829490000000000000e+05
7.579772318242740631e+07 8.553700000000000000e+04 9.829190000000000000e+05
7.938043364074717462e+07 8.558700000000000000e+04 9.827280000000000000e+05
8.313248710422897339e+07 8.563300000000000000e+04 9.825960000000000000e+05
8.706188786284591258e+07 8.541300000000000000e+04 9.824300000000000000e+05
9.117701854317739606e+07 8.550100000000000000e+04 9.824460000000000000e+05
9.548665799114418030e+07 8.543700000000000000e+04 9.825420000000000000e+05
1.000000000000000000e+08 8.577400000000000000e+04 9.823910000000000000e+05
